PARTICLE PAIR DEFINITIONS
Name=Inc Chan     Particle a=neutron       Particle b=Other
     Za= 0        Zb= 0         Pent=1     Shift=0
     Sa=  0.5     Sb=   3.5     Ma=     1.00866492     Mb=   180.94803000
 
SPIN GROUPS
  1      1    0  3.0
    1  Inc Chan    0  3.0
  2      1    0  4.0
    1  Inc Chan    0  4.0
 
RESONANCES are listed next
4.280000000 53.0000000 3.90000000                       1 1 1     2
10.34000000 55.0000000 4.66000000                       1 1 1     1
13.95000000 52.0000000 1.01300000                       1 1 1     2
20.30000000 60.0000000 1.02220000                       1 1 1     2
22.70000000 52.0000000 .251430000                       1 1 1     1
23.90000000 53.0000000 7.42800000                       1 1 1     1
30.00000000 55.0000000 .195560000                       1 1 1     2
35.16000000 65.0000000 12.1140000                       1 1 1     1
35.90000000 65.0000000 15.0000000                       1 1 1     2
39.13000000 60.0000000 51.1770000                       1 1 1     1
49.15000000 53.0000000 .933330000                       1 1 1     2
55.80000000 56.0000000 .022857000                       1 1 1     1
57.54000000 56.0000000 .231110000                       1 1 1     2
59.05000000 56.0000000 .137140000                       1 1 1     1
63.12000000 64.0000000 5.15560000                       1 1 1     2
76.85000000 48.0000000 13.7140000                       1 1 1     1
77.64000000 54.0000000 4.97780000                       1 1 1     2
78.95000000 56.0000000 1.94290000                       1 1 1     1
82.94000000 52.0000000 12.4440000                       1 1 1     2
85.10000000 58.0000000 4.68570000                       1 1 1     1
85.75000000 56.0000000 .177780000                       1 1 1     2
89.60000000 55.0000000 2.93330000                       1 1 1     2
91.44000000 56.0000000 2.04440000                       1 1 1     2
97.00000000 56.0000000 3.65710000                       1 1 1     1
99.32000000 50.0000000 102.220000                       1 1 1     2
103.5200000 56.0000000 1.25710000                       1 1 1     1
105.5400000 50.0000000 26.6670000                       1 1 1     2
115.0800000 57.0000000 46.8570000                       1 1 1     1
118.3200000 56.0000000 2.13330000                       1 1 1     2
126.4600000 54.0000000 50.2860000                       1 1 1     1
136.4800000 47.0000000 19.5560000                       1 1 1     2
138.3300000 66.0000000 14.8570000                       1 1 1     1
144.2100000 56.0000000 1.60000000                       1 1 1     2
148.3100000 56.0000000 5.25710000                       1 1 1     1
149.7000000 56.0000000 4.88890000                       1 1 1     2
159.8000000 56.0000000 .342860000                       1 1 1     1
166.4000000 56.0000000 7.55550000                       1 1 1     2
175.0000000 56.0000000 88.8890000                       1 1 1     2
176.0000000 56.0000000 58.6670000                       1 1 1     2
178.6000000 56.0000000 1.14290000                       1 1 1     1
182.8000000 56.0000000 .844440000                       1 1 1     2
185.5000000 56.0000000 .685710000                       1 1 1     1
189.3000000 56.0000000 .622220000                       1 1 1     2
194.8000000 56.0000000 128.000000                       1 1 1     1
200.0000000 62.0000000 35.5560000                       1 1 1     2
204.7000000 56.0000000 2.97140000                       1 1 1     1
208.4000000 56.0000000 9.77780000                       1 1 1     2
215.0000000 65.0000000 54.8570000                       1 1 1     1
216.6000000 56.0000000 16.0000000                       1 1 1     2
219.7000000 56.0000000 19.0860000                       1 1 1     1
222.3000000 52.0000000 1.95560000                       1 1 1     2
225.3000000 56.0000000 25.7140000                       1 1 1     1
230.5000000 56.0000000 16.0000000                       1 1 1     2
232.3000000 56.0000000 57.7780000                       1 1 1     2
237.3000000 56.0000000 1.24440000                       1 1 1     2
242.7000000 56.0000000 11.0860000                       1 1 1     1
247.2000000 56.0000000 5.60000000                       1 1 1     2
248.4000000 56.0000000 1.60000000                       1 1 1     1
253.0000000 56.0000000 .266670000                       1 1 1     2
259.1000000 56.0000000 12.5710000                       1 1 1     1
263.3000000 56.0000000 84.4440000                       1 1 1     2
264.7000000 56.0000000 16.0000000                       1 1 1     1
271.8000000 56.0000000 12.4440000                       1 1 1     2
273.9000000 56.0000000 114.290000                       1 1 1     1
277.2000000 56.0000000 22.2220000                       1 1 1     2
280.3000000 56.0000000 34.2860000                       1 1 1     1
287.7000000 56.0000000 24.0000000                       1 1 1     2
290.4000000 56.0000000 22.8570000                       1 1 1     1
291.1000000 56.0000000 8.88890000                       1 1 1     2
304.0000000 56.0000000 2.40000000                       1 1 1     2
306.2000000 56.0000000 27.5560000                       1 1 1     2
311.7000000 56.0000000 28.5710000                       1 1 1     1
313.3000000 56.0000000 35.5560000                       1 1 1     2
322.8000000 56.0000000 6.85710000                       1 1 1     1
329.4000000 56.0000000 40.0000000                       1 1 1     2
 
.100000000
