3227.436500 8437.765297 3776.859966 0.00000000 0.00000000 0 0 0 0 0 1
4259.109300 9495.459346 7055.054465 0.00000000 0.00000000 0 0 0 0 0 1
5945.734300 10047.776112 38047.748830 0.00000000 0.00000000 0 0 0 0 0 1
7620.618400 13853.697370 11940.881253 0.00000000 0.00000000 0 0 0 0 0 1
8837.101200 13674.987873 4288.922120 0.00000000 0.00000000 0 0 0 0 0 1
9941.984200 11787.371368 4234.240057 0.00000000 0.00000000 0 0 0 0 0 1
11387.37120 14254.667209 48431.584185 0.00000000 0.00000000 0 0 0 0 0 1
12084.43320 13817.044820 259798.020586 0.00000000 0.00000000 0 0 0 0 0 1
14927.94610 20815.476703 46828.154523 0.00000000 0.00000000 0 0 0 0 0 1
16407.79740 18728.100034 8063.527865 0.00000000 0.00000000 0 0 0 0 0 1
17439.10870 21836.626635 17424.669298 0.00000000 0.00000000 0 0 0 0 0 1
20454.69860 21184.878702 56003.867734 0.00000000 0.00000000 0 0 0 0 0 1
22717.27120 26832.060750 60605.952161 0.00000000 0.00000000 0 0 0 0 0 1
24826.46550 23110.194554 33936.057470 0.00000000 0.00000000 0 0 0 0 0 1
26632.31870 23165.989923 903.628561 0.00000000 0.00000000 0 0 0 0 0 1
27464.42380 21815.602613 5147.138740 0.00000000 0.00000000 0 0 0 0 0 1
29186.95900 18202.419658 26039.828522 0.00000000 0.00000000 0 0 0 0 0 1
31347.86660 29249.896531 20204.406055 0.00000000 0.00000000 0 0 0 0 0 1
32549.45410 22575.937820 1854.768831 0.00000000 0.00000000 0 0 0 0 0 1
35986.89160 28043.690375 38139.089849 0.00000000 0.00000000 0 0 0 0 0 1
38253.95290 25084.526339 16590.987208 0.00000000 0.00000000 0 0 0 0 0 1
39627.44030 20896.332919 81232.884548 0.00000000 0.00000000 0 0 0 0 0 1
40839.38020 35710.483227 3125.016407 0.00000000 0.00000000 0 0 0 0 0 1
43778.77590 31041.762670 6021.214841 0.00000000 0.00000000 0 0 0 0 0 1
46146.93140 24676.991798 1068014.353320 0.00000000 0.00000000 0 0 0 0 0 1
47524.18510 37411.009580 79.6530290 0.00000000 0.00000000 0 0 0 0 0 1
50962.97400 30029.864247 20410.659976 0.00000000 0.00000000 0 0 0 0 0 1
53781.75980 46451.311321 174521.233756 0.00000000 0.00000000 0 0 0 0 0 1
57038.88500 24953.780278 152311.625414 0.00000000 0.00000000 0 0 0 0 0 1
58579.11060 23946.188747 25900.535477 0.00000000 0.00000000 0 0 0 0 0 1
59842.83290 32294.146195 71463.253740 0.00000000 0.00000000 0 0 0 0 0 1
60634.58850 31101.679000 159021.086201 0.00000000 0.00000000 0 0 0 0 0 1
63377.32020 31035.624077 358048.311289 0.00000000 0.00000000 0 0 0 0 0 1
64783.69060 39760.459924 30027.159415 0.00000000 0.00000000 0 0 0 0 0 1
67251.27290 42933.364625 218572.228113 0.00000000 0.00000000 0 0 0 0 0 1
68544.96140 37930.728230 349301.882515 0.00000000 0.00000000 0 0 0 0 0 1
69064.32140 38811.246724 31613.511695 0.00000000 0.00000000 0 0 0 0 0 1
69540.99090 35217.027887 218098.856821 0.00000000 0.00000000 0 0 0 0 0 1
69679.43530 37765.725513 191823.159718 0.00000000 0.00000000 0 0 0 0 0 1
70076.87230 35109.772983 19988.555769 0.00000000 0.00000000 0 0 0 0 0 1
71925.71850 35341.999293 48803.741208 0.00000000 0.00000000 0 0 0 0 0 1
75343.98920 31245.368202 13269.379137 0.00000000 0.00000000 0 0 0 0 0 1
76500.32490 44412.966564 54191.693830 0.00000000 0.00000000 0 0 0 0 0 1
79034.48450 37328.194781 50512.947082 0.00000000 0.00000000 0 0 0 0 0 1
80058.73600 33375.823303 22186.819276 0.00000000 0.00000000 0 0 0 0 0 1
80347.53440 31851.315467 87592.872233 0.00000000 0.00000000 0 0 0 0 0 1
82992.69450 45265.953797 302066.998879 0.00000000 0.00000000 0 0 0 0 0 1
83708.07220 40164.893869 11552.033866 0.00000000 0.00000000 0 0 0 0 0 1
84598.44050 39861.765048 36648.864056 0.00000000 0.00000000 0 0 0 0 0 1
85361.55840 41926.753368 3230.209227 0.00000000 0.00000000 0 0 0 0 0 1
88084.21090 42964.147913 358524.929061 0.00000000 0.00000000 0 0 0 0 0 1
88895.21300 49149.893286 164124.240516 0.00000000 0.00000000 0 0 0 0 0 1
91608.72640 45536.277742 87263.692106 0.00000000 0.00000000 0 0 0 0 0 1
92518.87460 45213.409780 144475.414876 0.00000000 0.00000000 0 0 0 0 0 1
95250.81590 46817.625918 299965.982018 0.00000000 0.00000000 0 0 0 0 0 1
97351.87770 39447.682579 33078.835227 0.00000000 0.00000000 0 0 0 0 0 1
100284.2185 47293.623253 2462.806843 0.00000000 0.00000000 0 0 0 0 0 1
102404.3586 38756.959099 195690.479472 0.00000000 0.00000000 0 0 0 0 0 1
103390.8504 43399.853266 16232.362635 0.00000000 0.00000000 0 0 0 0 0 1
104995.5919 47880.977171 168913.886254 0.00000000 0.00000000 0 0 0 0 0 1
106973.8682 45615.686846 16367.439209 0.00000000 0.00000000 0 0 0 0 0 1
109082.1303 42381.859020 240859.919253 0.00000000 0.00000000 0 0 0 0 0 1
109819.9576 39606.356534 629550.168232 0.00000000 0.00000000 0 0 0 0 0 1
112173.4009 50049.708673 482717.185266 0.00000000 0.00000000 0 0 0 0 0 1
113772.1576 53848.777915 74488.357544 0.00000000 0.00000000 0 0 0 0 0 1
115617.3598 58341.186757 65717.927557 0.00000000 0.00000000 0 0 0 0 0 1
117349.1015 54476.312939 4219.563332 0.00000000 0.00000000 0 0 0 0 0 1
120208.0673 52180.947133 51616.851871 0.00000000 0.00000000 0 0 0 0 0 1
121780.5708 45751.423183 1238.609730 0.00000000 0.00000000 0 0 0 0 0 1
124404.1019 62788.666490 247721.693974 0.00000000 0.00000000 0 0 0 0 0 1
126473.5956 54730.383737 19643.735721 0.00000000 0.00000000 0 0 0 0 0 1
126808.2885 54183.993793 287290.837412 0.00000000 0.00000000 0 0 0 0 0 1
129804.4316 44120.470006 348845.484813 0.00000000 0.00000000 0 0 0 0 0 1
132364.2377 70755.214635 1831.676890 0.00000000 0.00000000 0 0 0 0 0 1
133009.2948 48719.545622 3299.176000 0.00000000 0.00000000 0 0 0 0 0 1
133754.7469 54245.959215 61781.871977 0.00000000 0.00000000 0 0 0 0 0 1
134347.6378 51460.810976 58173.072503 0.00000000 0.00000000 0 0 0 0 0 1
135075.8625 43755.039156 432650.154948 0.00000000 0.00000000 0 0 0 0 0 1
136170.3478 37202.800190 43606.519584 0.00000000 0.00000000 0 0 0 0 0 1
136504.9105 61136.980416 2134.959001 0.00000000 0.00000000 0 0 0 0 0 1
136996.0347 50862.566052 667.384567 0.00000000 0.00000000 0 0 0 0 0 1
139307.9627 52558.493903 56290.972481 0.00000000 0.00000000 0 0 0 0 0 1
140743.2892 47796.491744 37138.675804 0.00000000 0.00000000 0 0 0 0 0 1
141963.5391 50465.816099 87124.467312 0.00000000 0.00000000 0 0 0 0 0 1
143915.4489 51488.820297 441489.268920 0.00000000 0.00000000 0 0 0 0 0 1
145968.3647 58688.528165 13845.919782 0.00000000 0.00000000 0 0 0 0 0 1
146713.4804 53286.016838 13853.467849 0.00000000 0.00000000 0 0 0 0 0 1
149133.7547 53183.394335 378616.789547 0.00000000 0.00000000 0 0 0 0 0 1
150562.0928 47289.428179 24197.830180 0.00000000 0.00000000 0 0 0 0 0 1
152122.7183 63626.707833 322942.240235 0.00000000 0.00000000 0 0 0 0 0 1
153921.2678 64462.494520 70321.810506 0.00000000 0.00000000 0 0 0 0 0 1
154862.2631 54051.404975 497493.882558 0.00000000 0.00000000 0 0 0 0 0 1
156157.0682 49721.153435 428.040356 0.00000000 0.00000000 0 0 0 0 0 1
158002.5576 50633.303437 1021.967599 0.00000000 0.00000000 0 0 0 0 0 1
160160.7676 55705.893979 53839.546209 0.00000000 0.00000000 0 0 0 0 0 1
162584.0746 65114.990494 41626.390117 0.00000000 0.00000000 0 0 0 0 0 1
164602.2519 48003.714849 16253.245853 0.00000000 0.00000000 0 0 0 0 0 1
165862.3498 68979.834796 8477.423446 0.00000000 0.00000000 0 0 0 0 0 1
166319.8961 47423.196798 145917.695026 0.00000000 0.00000000 0 0 0 0 0 1
168693.9708 70853.534798 4337.118669 0.00000000 0.00000000 0 0 0 0 0 1
171547.6773 51013.762444 921.855422 0.00000000 0.00000000 0 0 0 0 0 1
173952.1692 70779.319494 92281.328602 0.00000000 0.00000000 0 0 0 0 0 1
174673.8790 72331.284825 70192.748051 0.00000000 0.00000000 0 0 0 0 0 1
177409.8876 52407.347985 5064.660270 0.00000000 0.00000000 0 0 0 0 0 1
180046.5350 75132.961256 76750.305113 0.00000000 0.00000000 0 0 0 0 0 1
180753.3491 75260.346447 6351.552899 0.00000000 0.00000000 0 0 0 0 0 1
182253.3211 53730.856346 137344.607295 0.00000000 0.00000000 0 0 0 0 0 1
184191.8762 64895.252131 289761.300818 0.00000000 0.00000000 0 0 0 0 0 1
185534.0675 75574.592016 151753.392389 0.00000000 0.00000000 0 0 0 0 0 1
189519.9603 66121.293362 173257.437342 0.00000000 0.00000000 0 0 0 0 0 1
191207.5477 63504.416545 74179.183828 0.00000000 0.00000000 0 0 0 0 0 1
192985.0629 65550.850763 670997.331966 0.00000000 0.00000000 0 0 0 0 0 1
196716.4588 63375.796089 155401.379752 0.00000000 0.00000000 0 0 0 0 0 1
198904.1941 75999.272693 169761.036103 0.00000000 0.00000000 0 0 0 0 0 1
201005.2737 65101.744378 6395.583987 0.00000000 0.00000000 0 0 0 0 0 1
203215.3083 64793.343373 89307.967761 0.00000000 0.00000000 0 0 0 0 0 1
205773.9975 77413.666233 92647.393877 0.00000000 0.00000000 0 0 0 0 0 1
207674.1854 54329.734437 30821.343878 0.00000000 0.00000000 0 0 0 0 0 1
210489.5685 69034.643751 154326.600653 0.00000000 0.00000000 0 0 0 0 0 1
210599.3351 88093.679621 32893.573988 0.00000000 0.00000000 0 0 0 0 0 1
212833.7120 60923.530147 121889.532045 0.00000000 0.00000000 0 0 0 0 0 1
215192.6308 70539.000087 16159.422431 0.00000000 0.00000000 0 0 0 0 0 1
219178.0552 69058.945047 881618.477876 0.00000000 0.00000000 0 0 0 0 0 1
220611.4713 74920.079408 126351.534308 0.00000000 0.00000000 0 0 0 0 0 1
223345.1953 63288.645684 8198.580627 0.00000000 0.00000000 0 0 0 0 0 1
225295.5657 48436.231172 21974.993886 0.00000000 0.00000000 0 0 0 0 0 1
226340.3644 73845.229281 427470.727316 0.00000000 0.00000000 0 0 0 0 0 1
228763.2225 59032.475829 423740.216992 0.00000000 0.00000000 0 0 0 0 0 1
231064.0875 56983.899319 42050.925932 0.00000000 0.00000000 0 0 0 0 0 1
233266.5911 60137.215941 2209.755091 0.00000000 0.00000000 0 0 0 0 0 1
234711.9756 65910.922512 110032.078717 0.00000000 0.00000000 0 0 0 0 0 1
236420.0993 66954.927379 768.544658 0.00000000 0.00000000 0 0 0 0 0 1
238947.9014 71371.693027 287469.843028 0.00000000 0.00000000 0 0 0 0 0 1
242032.2065 64631.552502 61912.543234 0.00000000 0.00000000 0 0 0 0 0 1
244032.8951 75661.225883 850868.845595 0.00000000 0.00000000 0 0 0 0 0 1
246321.5430 77779.546571 4367.238462 0.00000000 0.00000000 0 0 0 0 0 1
248470.4007 67537.267672 751481.315917 0.00000000 0.00000000 0 0 0 0 0 1
250616.1699 60291.960729 293.811317 0.00000000 0.00000000 0 0 0 0 0 1
252255.1987 89558.370708 5407.678273 0.00000000 0.00000000 0 0 0 0 0 1
255102.7665 76565.406100 172093.959581 0.00000000 0.00000000 0 0 0 0 0 1
257019.0198 71866.950260 130987.755404 0.00000000 0.00000000 0 0 0 0 0 1
258159.2286 56061.501431 137537.246472 0.00000000 0.00000000 0 0 0 0 0 1
259967.7393 67264.956522 244477.261047 0.00000000 0.00000000 0 0 0 0 0 1
261412.0568 81913.136733 991671.638384 0.00000000 0.00000000 0 0 0 0 0 1
262432.9610 71118.644940 320126.992644 0.00000000 0.00000000 0 0 0 0 0 1
264620.3742 71714.721330 13484.625794 0.00000000 0.00000000 0 0 0 0 0 1
266841.1485 84139.348116 16567.813145 0.00000000 0.00000000 0 0 0 0 0 1
268069.1246 72003.765593 81137.838068 0.00000000 0.00000000 0 0 0 0 0 1
270789.0884 73399.321465 112630.709676 0.00000000 0.00000000 0 0 0 0 0 1
271307.8746 72643.236179 23726.351527 0.00000000 0.00000000 0 0 0 0 0 1
271971.3129 59100.270636 952661.893008 0.00000000 0.00000000 0 0 0 0 0 1
278256.2969 88566.666935 46813.177545 0.00000000 0.00000000 0 0 0 0 0 1
279295.5233 72843.968932 67178.428952 0.00000000 0.00000000 0 0 0 0 0 1
281044.5403 85715.418511 108588.118335 0.00000000 0.00000000 0 0 0 0 0 1
282352.3985 91037.806785 65983.487628 0.00000000 0.00000000 0 0 0 0 0 1
283759.3703 68501.397089 264.236774 0.00000000 0.00000000 0 0 0 0 0 1
286296.7793 89814.984989 77691.300044 0.00000000 0.00000000 0 0 0 0 0 1
289009.3029 75019.232111 282605.532141 0.00000000 0.00000000 0 0 0 0 0 1
291120.3224 59825.971089 114743.355977 0.00000000 0.00000000 0 0 0 0 0 1
292153.4693 76513.688109 56555.343463 0.00000000 0.00000000 0 0 0 0 0 1
293183.8744 80371.474245 972183.415210 0.00000000 0.00000000 0 0 0 0 0 1
295113.6948 82437.641741 421.134276 0.00000000 0.00000000 0 0 0 0 0 1
296345.5963 72848.233767 128613.473073 0.00000000 0.00000000 0 0 0 0 0 1
298384.6456 73046.250395 1732.810691 0.00000000 0.00000000 0 0 0 0 0 1
299041.5037 104356.431473 206437.253605 0.00000000 0.00000000 0 0 0 0 0 1
301190.3340 95720.537431 154743.629049 0.00000000 0.00000000 0 0 0 0 0 1
697.3517000 3810.811609 7304.489456 0.00000000 0.00000000 0 0 0 0 0 2
1319.327000 4179.468837 2483.689017 0.00000000 0.00000000 0 0 0 0 0 2
2969.011800 8051.839156 9812.664596 0.00000000 0.00000000 0 0 0 0 0 2
4831.743100 9769.966031 13226.054292 0.00000000 0.00000000 0 0 0 0 0 2
5743.688100 8537.173429 11642.644751 0.00000000 0.00000000 0 0 0 0 0 2
5896.657200 10343.563678 34480.960455 0.00000000 0.00000000 0 0 0 0 0 2
6582.742700 13952.925379 57549.069085 0.00000000 0.00000000 0 0 0 0 0 2
7281.934500 12943.612803 7417.553247 0.00000000 0.00000000 0 0 0 0 0 2
7725.725600 14621.114482 8809.558686 0.00000000 0.00000000 0 0 0 0 0 2
10167.15100 14424.339311 25934.530334 0.00000000 0.00000000 0 0 0 0 0 2
11377.87460 13702.346422 2978.452586 0.00000000 0.00000000 0 0 0 0 0 2
12578.34520 14104.555009 11582.305515 0.00000000 0.00000000 0 0 0 0 0 2
14355.50040 21030.549772 170652.482181 0.00000000 0.00000000 0 0 0 0 0 2
15386.26510 16811.910071 553699.021373 0.00000000 0.00000000 0 0 0 0 0 2
15715.83410 18882.831321 1502.334842 0.00000000 0.00000000 0 0 0 0 0 2
16136.54600 19119.690177 80072.906600 0.00000000 0.00000000 0 0 0 0 0 2
16237.71310 17810.462380 173029.073009 0.00000000 0.00000000 0 0 0 0 0 2
16430.69770 13196.871511 22797.708646 0.00000000 0.00000000 0 0 0 0 0 2
17749.73440 16115.202052 154526.246804 0.00000000 0.00000000 0 0 0 0 0 2
18717.54170 16333.307674 214748.432428 0.00000000 0.00000000 0 0 0 0 0 2
19213.77140 18065.216361 297.576497 0.00000000 0.00000000 0 0 0 0 0 2
20102.64500 16627.110587 4282.677591 0.00000000 0.00000000 0 0 0 0 0 2
20789.71390 18856.030080 78500.257143 0.00000000 0.00000000 0 0 0 0 0 2
21724.69890 19566.381320 101441.123581 0.00000000 0.00000000 0 0 0 0 0 2
22762.33050 17796.076217 478.255856 0.00000000 0.00000000 0 0 0 0 0 2
24019.11220 22473.165687 285327.541982 0.00000000 0.00000000 0 0 0 0 0 2
24393.51600 20919.353624 1246.938065 0.00000000 0.00000000 0 0 0 0 0 2
25212.21640 27062.873142 91483.187408 0.00000000 0.00000000 0 0 0 0 0 2
25674.54830 20856.475844 43543.514229 0.00000000 0.00000000 0 0 0 0 0 2
26453.01720 23633.583004 38674.137945 0.00000000 0.00000000 0 0 0 0 0 2
26976.21160 21723.421058 2446.962652 0.00000000 0.00000000 0 0 0 0 0 2
27940.03370 21381.540238 336423.632823 0.00000000 0.00000000 0 0 0 0 0 2
29462.00110 24495.585068 14976.345357 0.00000000 0.00000000 0 0 0 0 0 2
30109.16890 23416.063867 143532.259268 0.00000000 0.00000000 0 0 0 0 0 2
30545.16740 24699.051126 25607.796270 0.00000000 0.00000000 0 0 0 0 0 2
31678.80870 29790.939949 92829.739359 0.00000000 0.00000000 0 0 0 0 0 2
32946.29980 21710.610289 122785.498981 0.00000000 0.00000000 0 0 0 0 0 2
33820.46350 26964.237947 268.447040 0.00000000 0.00000000 0 0 0 0 0 2
34340.59150 22726.733015 27336.167999 0.00000000 0.00000000 0 0 0 0 0 2
34600.71000 20644.422035 34444.625826 0.00000000 0.00000000 0 0 0 0 0 2
35831.64010 32338.125746 33811.877002 0.00000000 0.00000000 0 0 0 0 0 2
37930.88080 26215.591760 464380.284000 0.00000000 0.00000000 0 0 0 0 0 2
38557.89000 31616.709986 3779.778149 0.00000000 0.00000000 0 0 0 0 0 2
39124.15560 23975.999859 19816.848205 0.00000000 0.00000000 0 0 0 0 0 2
40195.93630 34283.640692 44.4792650 0.00000000 0.00000000 0 0 0 0 0 2
41646.73710 34370.684638 384022.143681 0.00000000 0.00000000 0 0 0 0 0 2
42375.78390 34448.305829 136537.953857 0.00000000 0.00000000 0 0 0 0 0 2
43137.20280 35317.175504 42736.464485 0.00000000 0.00000000 0 0 0 0 0 2
44006.45330 22493.394720 13293.369916 0.00000000 0.00000000 0 0 0 0 0 2
45101.71580 21998.922682 4892.617983 0.00000000 0.00000000 0 0 0 0 0 2
45672.82810 42443.154887 161502.928621 0.00000000 0.00000000 0 0 0 0 0 2
46567.62230 37210.692436 33002.053624 0.00000000 0.00000000 0 0 0 0 0 2
47186.56010 30854.545639 91320.394821 0.00000000 0.00000000 0 0 0 0 0 2
47244.35790 33767.091643 112097.094673 0.00000000 0.00000000 0 0 0 0 0 2
49010.11700 31095.910475 48824.335507 0.00000000 0.00000000 0 0 0 0 0 2
50322.16300 35142.942507 330520.904054 0.00000000 0.00000000 0 0 0 0 0 2
51006.69320 36514.765242 45196.040200 0.00000000 0.00000000 0 0 0 0 0 2
52044.57480 29008.083532 30365.996110 0.00000000 0.00000000 0 0 0 0 0 2
53286.23480 31617.390755 711983.995639 0.00000000 0.00000000 0 0 0 0 0 2
54030.60040 35012.639752 959.477172 0.00000000 0.00000000 0 0 0 0 0 2
54200.22270 29271.331752 23387.220321 0.00000000 0.00000000 0 0 0 0 0 2
55581.82830 48092.182239 38553.559928 0.00000000 0.00000000 0 0 0 0 0 2
57461.85150 35257.286316 125280.187825 0.00000000 0.00000000 0 0 0 0 0 2
58147.83940 28630.341942 154645.362367 0.00000000 0.00000000 0 0 0 0 0 2
59035.06700 36597.261278 20703.711445 0.00000000 0.00000000 0 0 0 0 0 2
59191.03240 41212.888848 145273.105674 0.00000000 0.00000000 0 0 0 0 0 2
60641.19810 36003.210783 210854.725500 0.00000000 0.00000000 0 0 0 0 0 2
61347.55740 36217.065916 68085.603113 0.00000000 0.00000000 0 0 0 0 0 2
62329.92670 42639.399327 111384.155920 0.00000000 0.00000000 0 0 0 0 0 2
63160.14510 33889.625272 8735.797746 0.00000000 0.00000000 0 0 0 0 0 2
63552.02150 34954.803285 548730.987675 0.00000000 0.00000000 0 0 0 0 0 2
64731.24890 40435.559209 253238.316155 0.00000000 0.00000000 0 0 0 0 0 2
66131.33700 28401.779175 421364.384631 0.00000000 0.00000000 0 0 0 0 0 2
66270.31970 41137.279253 265405.426660 0.00000000 0.00000000 0 0 0 0 0 2
67515.16480 42208.569310 239011.223163 0.00000000 0.00000000 0 0 0 0 0 2
68663.31650 37603.492102 835.502623 0.00000000 0.00000000 0 0 0 0 0 2
69115.48560 36743.377055 115192.149024 0.00000000 0.00000000 0 0 0 0 0 2
70395.29780 53398.704950 43.1192850 0.00000000 0.00000000 0 0 0 0 0 2
71891.17700 46509.214178 1548.352393 0.00000000 0.00000000 0 0 0 0 0 2
72205.24740 42425.649407 41685.603507 0.00000000 0.00000000 0 0 0 0 0 2
73238.04110 42666.408973 204858.950784 0.00000000 0.00000000 0 0 0 0 0 2
74365.24340 36030.096358 113755.313490 0.00000000 0.00000000 0 0 0 0 0 2
74855.96640 39458.053776 3037.438964 0.00000000 0.00000000 0 0 0 0 0 2
75201.84620 42934.100630 349260.792970 0.00000000 0.00000000 0 0 0 0 0 2
75778.00290 33775.431086 918399.576715 0.00000000 0.00000000 0 0 0 0 0 2
76360.24030 43024.802626 12735.683131 0.00000000 0.00000000 0 0 0 0 0 2
77696.79660 35496.205932 506249.514228 0.00000000 0.00000000 0 0 0 0 0 2
78532.26410 24656.917424 181070.512263 0.00000000 0.00000000 0 0 0 0 0 2
80037.97820 38183.048838 575182.442328 0.00000000 0.00000000 0 0 0 0 0 2
81380.72060 42988.549885 384098.069630 0.00000000 0.00000000 0 0 0 0 0 2
81523.86160 41391.280039 10679.014883 0.00000000 0.00000000 0 0 0 0 0 2
82295.28850 36223.888995 6779.542015 0.00000000 0.00000000 0 0 0 0 0 2
83348.51390 46526.864394 278696.867165 0.00000000 0.00000000 0 0 0 0 0 2
85327.68900 45546.656698 5569.687908 0.00000000 0.00000000 0 0 0 0 0 2
87084.30650 48658.186108 9291.463354 0.00000000 0.00000000 0 0 0 0 0 2
88987.69100 53883.488670 108297.916707 0.00000000 0.00000000 0 0 0 0 0 2
89344.64380 41122.244642 113990.520820 0.00000000 0.00000000 0 0 0 0 0 2
90265.94690 37375.200831 22441.996175 0.00000000 0.00000000 0 0 0 0 0 2
91070.25000 45610.480691 19576.270553 0.00000000 0.00000000 0 0 0 0 0 2
91733.75560 45498.446819 15061.376089 0.00000000 0.00000000 0 0 0 0 0 2
92305.92020 45800.763164 111731.695121 0.00000000 0.00000000 0 0 0 0 0 2
93376.25120 44094.365193 294692.314634 0.00000000 0.00000000 0 0 0 0 0 2
94226.83890 48447.791809 51778.514335 0.00000000 0.00000000 0 0 0 0 0 2
95429.70550 33903.992069 414321.483978 0.00000000 0.00000000 0 0 0 0 0 2
96560.72960 55735.376865 77283.489713 0.00000000 0.00000000 0 0 0 0 0 2
96797.12070 58978.611571 45336.151322 0.00000000 0.00000000 0 0 0 0 0 2
97544.87940 33091.538834 50105.099076 0.00000000 0.00000000 0 0 0 0 0 2
98195.42390 41680.474482 217803.455592 0.00000000 0.00000000 0 0 0 0 0 2
99041.57890 44980.328780 322728.795323 0.00000000 0.00000000 0 0 0 0 0 2
99574.05250 44528.961040 1422947.387872 0.00000000 0.00000000 0 0 0 0 0 2
100015.7961 50617.844991 75514.129499 0.00000000 0.00000000 0 0 0 0 0 2
101176.4767 43479.668487 95722.470819 0.00000000 0.00000000 0 0 0 0 0 2
101946.8781 38226.985041 213878.534559 0.00000000 0.00000000 0 0 0 0 0 2
103242.6412 51855.935455 131931.896677 0.00000000 0.00000000 0 0 0 0 0 2
103463.1084 48172.142895 2280.688867 0.00000000 0.00000000 0 0 0 0 0 2
104258.2837 57664.159986 13607.112192 0.00000000 0.00000000 0 0 0 0 0 2
104915.7432 47814.046489 111840.708057 0.00000000 0.00000000 0 0 0 0 0 2
105460.1122 47619.370152 1046910.399429 0.00000000 0.00000000 0 0 0 0 0 2
106929.6420 53062.014227 298.255086 0.00000000 0.00000000 0 0 0 0 0 2
107226.5867 58597.235924 23341.520113 0.00000000 0.00000000 0 0 0 0 0 2
108053.1620 48770.511462 98745.618855 0.00000000 0.00000000 0 0 0 0 0 2
108835.4137 54555.027283 13.7838010 0.00000000 0.00000000 0 0 0 0 0 2
109621.2496 46664.795480 161710.434482 0.00000000 0.00000000 0 0 0 0 0 2
110392.7522 39258.287425 531136.371085 0.00000000 0.00000000 0 0 0 0 0 2
111277.7477 41207.697119 428128.051063 0.00000000 0.00000000 0 0 0 0 0 2
112528.5598 53146.513206 176238.353085 0.00000000 0.00000000 0 0 0 0 0 2
113515.7151 49704.839612 26429.013029 0.00000000 0.00000000 0 0 0 0 0 2
114546.1570 46184.798252 60364.119060 0.00000000 0.00000000 0 0 0 0 0 2
115521.0951 43239.899928 36768.682503 0.00000000 0.00000000 0 0 0 0 0 2
115982.2782 45594.044924 36819.452647 0.00000000 0.00000000 0 0 0 0 0 2
116378.5066 48615.276412 37702.171358 0.00000000 0.00000000 0 0 0 0 0 2
117377.9647 56818.026461 21893.809479 0.00000000 0.00000000 0 0 0 0 0 2
118429.8781 51086.462858 47211.831008 0.00000000 0.00000000 0 0 0 0 0 2
118875.9969 37554.912314 425123.424329 0.00000000 0.00000000 0 0 0 0 0 2
119527.2091 49157.716813 842387.244089 0.00000000 0.00000000 0 0 0 0 0 2
121475.3646 62453.017467 1182679.500453 0.00000000 0.00000000 0 0 0 0 0 2
121955.3538 52283.060855 1422048.690319 0.00000000 0.00000000 0 0 0 0 0 2
123434.2148 56004.646746 87217.138909 0.00000000 0.00000000 0 0 0 0 0 2
124582.5514 50369.412315 1202.812979 0.00000000 0.00000000 0 0 0 0 0 2
125734.0086 41379.964776 82553.204359 0.00000000 0.00000000 0 0 0 0 0 2
126488.7667 59654.992014 227721.206108 0.00000000 0.00000000 0 0 0 0 0 2
127064.3765 59627.699069 110538.145631 0.00000000 0.00000000 0 0 0 0 0 2
127673.6483 40369.910973 647296.313495 0.00000000 0.00000000 0 0 0 0 0 2
128207.2175 47425.376223 700635.766135 0.00000000 0.00000000 0 0 0 0 0 2
129831.7532 48468.186529 107706.036843 0.00000000 0.00000000 0 0 0 0 0 2
130536.0220 52248.044642 188911.158012 0.00000000 0.00000000 0 0 0 0 0 2
131521.3887 55861.863771 12572.069002 0.00000000 0.00000000 0 0 0 0 0 2
131716.3159 36316.562123 6442.453836 0.00000000 0.00000000 0 0 0 0 0 2
132877.1662 46903.421429 21770.674991 0.00000000 0.00000000 0 0 0 0 0 2
134380.2603 63168.975338 43456.776835 0.00000000 0.00000000 0 0 0 0 0 2
135220.0413 51909.965056 878.771424 0.00000000 0.00000000 0 0 0 0 0 2
136139.9429 38473.437752 508323.675964 0.00000000 0.00000000 0 0 0 0 0 2
137272.2220 50169.975109 73378.473991 0.00000000 0.00000000 0 0 0 0 0 2
139121.4107 41148.254129 18846.466299 0.00000000 0.00000000 0 0 0 0 0 2
139745.5413 58708.367680 183591.151437 0.00000000 0.00000000 0 0 0 0 0 2
140669.0853 51288.360352 128765.025960 0.00000000 0.00000000 0 0 0 0 0 2
141806.6019 45077.423039 95683.056842 0.00000000 0.00000000 0 0 0 0 0 2
142122.8809 50987.320027 25577.157969 0.00000000 0.00000000 0 0 0 0 0 2
142741.5489 48114.230295 70800.460372 0.00000000 0.00000000 0 0 0 0 0 2
143441.8609 57894.861221 153831.752197 0.00000000 0.00000000 0 0 0 0 0 2
144360.9826 55625.145291 774995.190246 0.00000000 0.00000000 0 0 0 0 0 2
145271.9304 51944.078911 22029.465013 0.00000000 0.00000000 0 0 0 0 0 2
146404.4000 44994.499932 664262.580401 0.00000000 0.00000000 0 0 0 0 0 2
146425.2858 44482.603775 16955.464064 0.00000000 0.00000000 0 0 0 0 0 2
147161.7163 45900.918494 351820.001623 0.00000000 0.00000000 0 0 0 0 0 2
148408.2362 44174.143532 116771.529896 0.00000000 0.00000000 0 0 0 0 0 2
150104.5371 48588.386141 68593.809034 0.00000000 0.00000000 0 0 0 0 0 2
151152.0220 44569.009616 39605.390632 0.00000000 0.00000000 0 0 0 0 0 2
152126.7548 55193.593689 1001.716268 0.00000000 0.00000000 0 0 0 0 0 2
152501.4795 60078.813012 33993.530782 0.00000000 0.00000000 0 0 0 0 0 2
152985.6320 48846.995152 1451399.143092 0.00000000 0.00000000 0 0 0 0 0 2
153893.7832 59231.255971 319813.419859 0.00000000 0.00000000 0 0 0 0 0 2
154133.5964 52766.882309 391728.765081 0.00000000 0.00000000 0 0 0 0 0 2
154763.2629 54768.970557 272300.562685 0.00000000 0.00000000 0 0 0 0 0 2
155626.7731 55474.423417 888843.521849 0.00000000 0.00000000 0 0 0 0 0 2
156713.4061 54384.722487 730701.778447 0.00000000 0.00000000 0 0 0 0 0 2
157017.4403 42743.461626 1493.069613 0.00000000 0.00000000 0 0 0 0 0 2
158215.5234 58306.938141 142732.227519 0.00000000 0.00000000 0 0 0 0 0 2
158776.6480 58323.714063 5777.008466 0.00000000 0.00000000 0 0 0 0 0 2
158977.7015 62057.612571 20752.554124 0.00000000 0.00000000 0 0 0 0 0 2
159353.0913 49726.899017 110512.744547 0.00000000 0.00000000 0 0 0 0 0 2
160730.7186 70616.778767 715407.390719 0.00000000 0.00000000 0 0 0 0 0 2
161645.2336 48805.955300 49910.615321 0.00000000 0.00000000 0 0 0 0 0 2
162305.6898 58788.673391 692026.392840 0.00000000 0.00000000 0 0 0 0 0 2
162597.5555 60511.621123 392719.633443 0.00000000 0.00000000 0 0 0 0 0 2
164196.5912 57296.530211 414737.892065 0.00000000 0.00000000 0 0 0 0 0 2
166840.5582 56873.048867 366040.369847 0.00000000 0.00000000 0 0 0 0 0 2
167729.4922 60485.475207 514194.758595 0.00000000 0.00000000 0 0 0 0 0 2
169088.6303 46243.646947 2692.728372 0.00000000 0.00000000 0 0 0 0 0 2
169525.4745 60771.369088 181192.768460 0.00000000 0.00000000 0 0 0 0 0 2
170123.9247 69318.161479 217805.943634 0.00000000 0.00000000 0 0 0 0 0 2
170960.0043 69240.820423 257122.389390 0.00000000 0.00000000 0 0 0 0 0 2
171865.9747 48784.496206 701.292531 0.00000000 0.00000000 0 0 0 0 0 2
173037.4293 50527.269146 110763.769423 0.00000000 0.00000000 0 0 0 0 0 2
174746.7922 59788.703989 58058.761672 0.00000000 0.00000000 0 0 0 0 0 2
175165.0301 62939.657034 50283.258657 0.00000000 0.00000000 0 0 0 0 0 2
176143.9680 64530.959879 2191.157400 0.00000000 0.00000000 0 0 0 0 0 2
176772.8626 49276.538335 39725.311718 0.00000000 0.00000000 0 0 0 0 0 2
176938.7338 65598.413280 41753.513959 0.00000000 0.00000000 0 0 0 0 0 2
177625.9218 55674.954262 477179.090312 0.00000000 0.00000000 0 0 0 0 0 2
178365.4743 49442.389209 337691.250596 0.00000000 0.00000000 0 0 0 0 0 2
179187.5644 54342.521577 31179.172293 0.00000000 0.00000000 0 0 0 0 0 2
180572.9998 53227.270070 76483.355192 0.00000000 0.00000000 0 0 0 0 0 2
181905.6576 60863.519842 42425.643941 0.00000000 0.00000000 0 0 0 0 0 2
183165.6878 64439.781394 131404.648674 0.00000000 0.00000000 0 0 0 0 0 2
183537.1112 58178.529086 103860.423416 0.00000000 0.00000000 0 0 0 0 0 2
184846.4421 47922.486826 10713.386865 0.00000000 0.00000000 0 0 0 0 0 2
186370.1477 65796.895685 270230.224322 0.00000000 0.00000000 0 0 0 0 0 2
187438.1707 54228.816895 953.103505 0.00000000 0.00000000 0 0 0 0 0 2
189312.5553 70990.827970 10075.977107 0.00000000 0.00000000 0 0 0 0 0 2
190650.9293 63385.752555 120122.729270 0.00000000 0.00000000 0 0 0 0 0 2
191991.4475 57932.619480 133661.309988 0.00000000 0.00000000 0 0 0 0 0 2
192803.1207 59016.448747 13657.599049 0.00000000 0.00000000 0 0 0 0 0 2
194216.0983 50488.777730 420421.587162 0.00000000 0.00000000 0 0 0 0 0 2
196302.7629 56828.179266 299792.193663 0.00000000 0.00000000 0 0 0 0 0 2
197360.5335 71493.465632 178004.275885 0.00000000 0.00000000 0 0 0 0 0 2
198714.0770 61602.090196 374850.015987 0.00000000 0.00000000 0 0 0 0 0 2
199576.8375 65522.218527 151195.442711 0.00000000 0.00000000 0 0 0 0 0 2
199862.7257 65195.946152 653626.299133 0.00000000 0.00000000 0 0 0 0 0 2
201109.5879 71017.693351 230086.709089 0.00000000 0.00000000 0 0 0 0 0 2
202151.5012 67154.714582 222638.739033 0.00000000 0.00000000 0 0 0 0 0 2
202793.3243 50864.807187 1332966.212997 0.00000000 0.00000000 0 0 0 0 0 2
204493.3829 71387.071851 41.9448900 0.00000000 0.00000000 0 0 0 0 0 2
205301.4497 61746.355056 12088.627832 0.00000000 0.00000000 0 0 0 0 0 2
206609.5022 66036.786030 1125469.116540 0.00000000 0.00000000 0 0 0 0 0 2
206871.7362 60232.140091 41023.165973 0.00000000 0.00000000 0 0 0 0 0 2
207452.0947 59204.801366 65672.154957 0.00000000 0.00000000 0 0 0 0 0 2
208862.1815 72632.955769 82371.467440 0.00000000 0.00000000 0 0 0 0 0 2
209577.0126 69017.169879 45006.184989 0.00000000 0.00000000 0 0 0 0 0 2
211996.3558 82638.909007 14659.029421 0.00000000 0.00000000 0 0 0 0 0 2
212707.6025 62316.835485 120860.307946 0.00000000 0.00000000 0 0 0 0 0 2
213175.6331 72238.841797 377435.053469 0.00000000 0.00000000 0 0 0 0 0 2
214205.2456 64152.366802 95767.883669 0.00000000 0.00000000 0 0 0 0 0 2
214959.4302 56141.962859 555864.292325 0.00000000 0.00000000 0 0 0 0 0 2
216052.1659 69114.908616 309263.562721 0.00000000 0.00000000 0 0 0 0 0 2
216346.8860 79178.984241 254861.829431 0.00000000 0.00000000 0 0 0 0 0 2
217562.9268 54076.421247 321386.384347 0.00000000 0.00000000 0 0 0 0 0 2
218167.2565 69758.314833 653964.185860 0.00000000 0.00000000 0 0 0 0 0 2
219104.0324 61600.051402 24160.422390 0.00000000 0.00000000 0 0 0 0 0 2
219695.4411 65147.724097 8768.263106 0.00000000 0.00000000 0 0 0 0 0 2
220928.0976 78847.069840 26201.503953 0.00000000 0.00000000 0 0 0 0 0 2
221300.1711 65516.163741 47572.114405 0.00000000 0.00000000 0 0 0 0 0 2
222110.0031 54771.333953 445572.946484 0.00000000 0.00000000 0 0 0 0 0 2
223395.0703 78617.994621 22589.561947 0.00000000 0.00000000 0 0 0 0 0 2
224347.9198 79144.397622 317764.625922 0.00000000 0.00000000 0 0 0 0 0 2
225692.1055 79727.095548 41092.180503 0.00000000 0.00000000 0 0 0 0 0 2
225959.1224 75014.228347 31555.958835 0.00000000 0.00000000 0 0 0 0 0 2
226537.9771 51396.620697 27560.569564 0.00000000 0.00000000 0 0 0 0 0 2
226713.7062 72226.928137 901422.174192 0.00000000 0.00000000 0 0 0 0 0 2
227703.3071 56982.600006 18878.597484 0.00000000 0.00000000 0 0 0 0 0 2
227889.3978 72976.920880 340640.527339 0.00000000 0.00000000 0 0 0 0 0 2
228973.6650 70977.035331 262861.509318 0.00000000 0.00000000 0 0 0 0 0 2
229522.0894 66442.778861 809236.756713 0.00000000 0.00000000 0 0 0 0 0 2
229811.4297 57183.450269 89665.055571 0.00000000 0.00000000 0 0 0 0 0 2
231611.3237 61493.693370 571552.930749 0.00000000 0.00000000 0 0 0 0 0 2
232683.1643 64946.867090 806636.076255 0.00000000 0.00000000 0 0 0 0 0 2
233311.8780 58723.857132 1975.471891 0.00000000 0.00000000 0 0 0 0 0 2
235710.8419 73277.043708 1637.095100 0.00000000 0.00000000 0 0 0 0 0 2
237056.1178 80361.529890 27958.547869 0.00000000 0.00000000 0 0 0 0 0 2
237957.9495 68373.565296 47683.697837 0.00000000 0.00000000 0 0 0 0 0 2
239060.7694 87219.440284 12884.066068 0.00000000 0.00000000 0 0 0 0 0 2
239233.6136 71026.290130 135725.354171 0.00000000 0.00000000 0 0 0 0 0 2
240358.9997 93232.038540 32490.182740 0.00000000 0.00000000 0 0 0 0 0 2
241294.2401 91435.443969 1193570.801896 0.00000000 0.00000000 0 0 0 0 0 2
241690.1441 60616.432150 289789.170842 0.00000000 0.00000000 0 0 0 0 0 2
242697.6054 69847.836977 81055.128248 0.00000000 0.00000000 0 0 0 0 0 2
243648.9575 67751.880233 111671.576731 0.00000000 0.00000000 0 0 0 0 0 2
244375.9234 83156.395485 152291.976096 0.00000000 0.00000000 0 0 0 0 0 2
245422.5794 66352.688751 735732.198024 0.00000000 0.00000000 0 0 0 0 0 2
245922.4651 72079.554189 4108.487230 0.00000000 0.00000000 0 0 0 0 0 2
247509.7048 82527.086446 15302.890273 0.00000000 0.00000000 0 0 0 0 0 2
247899.7166 85933.034288 7470.311359 0.00000000 0.00000000 0 0 0 0 0 2
248679.7901 72687.052778 153677.213949 0.00000000 0.00000000 0 0 0 0 0 2
249645.4945 73179.095497 390427.556179 0.00000000 0.00000000 0 0 0 0 0 2
249973.5231 58334.853520 307782.087014 0.00000000 0.00000000 0 0 0 0 0 2
251234.0722 77105.200107 53667.134272 0.00000000 0.00000000 0 0 0 0 0 2
252745.9886 63877.753315 356126.371158 0.00000000 0.00000000 0 0 0 0 0 2
254036.5970 83015.433496 21342.995854 0.00000000 0.00000000 0 0 0 0 0 2
254552.9107 73481.914427 284799.178166 0.00000000 0.00000000 0 0 0 0 0 2
255776.5228 63325.718998 243462.100640 0.00000000 0.00000000 0 0 0 0 0 2
257510.3881 66034.990331 69173.864453 0.00000000 0.00000000 0 0 0 0 0 2
259458.6068 69495.910552 71734.748847 0.00000000 0.00000000 0 0 0 0 0 2
259834.8107 78044.496581 115069.294056 0.00000000 0.00000000 0 0 0 0 0 2
261543.7766 91077.943444 1941.922739 0.00000000 0.00000000 0 0 0 0 0 2
262414.3637 83158.013848 42432.141821 0.00000000 0.00000000 0 0 0 0 0 2
263126.1757 68810.361117 737988.119681 0.00000000 0.00000000 0 0 0 0 0 2
264223.4342 63730.007861 73021.889300 0.00000000 0.00000000 0 0 0 0 0 2
264976.1253 69080.001465 1267.188724 0.00000000 0.00000000 0 0 0 0 0 2
266074.0799 75146.854813 21849.974020 0.00000000 0.00000000 0 0 0 0 0 2
267415.9416 64412.643253 76718.164595 0.00000000 0.00000000 0 0 0 0 0 2
267962.6675 103877.621909 150629.228288 0.00000000 0.00000000 0 0 0 0 0 2
268158.5306 70691.464518 30904.519005 0.00000000 0.00000000 0 0 0 0 0 2
269641.5975 69615.819805 169175.940094 0.00000000 0.00000000 0 0 0 0 0 2
270299.5268 81615.447139 26804.860462 0.00000000 0.00000000 0 0 0 0 0 2
272733.3534 84527.331235 93223.479323 0.00000000 0.00000000 0 0 0 0 0 2
273518.4088 84544.280666 693.379841 0.00000000 0.00000000 0 0 0 0 0 2
274387.2904 71070.790207 73831.851573 0.00000000 0.00000000 0 0 0 0 0 2
275932.5912 82025.197363 47774.853688 0.00000000 0.00000000 0 0 0 0 0 2
276182.9075 69439.085620 24272.642528 0.00000000 0.00000000 0 0 0 0 0 2
276449.4466 58085.837016 334772.618961 0.00000000 0.00000000 0 0 0 0 0 2
276776.3896 71156.976591 87391.160119 0.00000000 0.00000000 0 0 0 0 0 2
277806.6016 70038.112710 677.677398 0.00000000 0.00000000 0 0 0 0 0 2
278220.6060 58920.834839 893211.897054 0.00000000 0.00000000 0 0 0 0 0 2
279650.3807 81784.639052 384225.511579 0.00000000 0.00000000 0 0 0 0 0 2
280332.5365 97263.238730 390633.229888 0.00000000 0.00000000 0 0 0 0 0 2
281754.3130 84951.708200 926919.021570 0.00000000 0.00000000 0 0 0 0 0 2
282587.4469 65814.829853 799611.747093 0.00000000 0.00000000 0 0 0 0 0 2
282995.2702 75998.815096 4022.030664 0.00000000 0.00000000 0 0 0 0 0 2
284264.5014 75879.666294 12904.085579 0.00000000 0.00000000 0 0 0 0 0 2
285582.4128 72569.086626 542270.724736 0.00000000 0.00000000 0 0 0 0 0 2
286701.3898 81434.202727 54978.247515 0.00000000 0.00000000 0 0 0 0 0 2
287924.1214 73065.689124 245654.849101 0.00000000 0.00000000 0 0 0 0 0 2
289351.7797 80841.610419 684982.469961 0.00000000 0.00000000 0 0 0 0 0 2
289605.9495 78428.624208 39730.919255 0.00000000 0.00000000 0 0 0 0 0 2
291363.8020 90039.858624 14.5049740 0.00000000 0.00000000 0 0 0 0 0 2
291896.9605 75823.217198 141825.774043 0.00000000 0.00000000 0 0 0 0 0 2
292161.8234 71610.573673 671516.500863 0.00000000 0.00000000 0 0 0 0 0 2
293129.5897 80148.113056 141710.516267 0.00000000 0.00000000 0 0 0 0 0 2
294182.9882 103093.278897 45265.250074 0.00000000 0.00000000 0 0 0 0 0 2
294716.4972 65472.935580 200326.227669 0.00000000 0.00000000 0 0 0 0 0 2
295365.1109 74217.814275 24231.013893 0.00000000 0.00000000 0 0 0 0 0 2
296065.6556 71941.247292 4433.962217 0.00000000 0.00000000 0 0 0 0 0 2
296365.0990 83044.210889 368980.068008 0.00000000 0.00000000 0 0 0 0 0 2
297302.5895 96365.549709 1557.107638 0.00000000 0.00000000 0 0 0 0 0 2
297404.5700 92111.793081 84673.913039 0.00000000 0.00000000 0 0 0 0 0 2
298026.1670 73012.440354 1377.474794 0.00000000 0.00000000 0 0 0 0 0 2
298722.0850 74358.315909 5.74679400 0.00000000 0.00000000 0 0 0 0 0 2
299253.9216 73198.050317 857973.428452 0.00000000 0.00000000 0 0 0 0 0 2
301108.0595 91612.432556 1494.665027 0.00000000 0.00000000 0 0 0 0 0 2
7687.792500 6894.604566 634.124725 0.00000000 0.00000000 0 0 0 0 0 3
17216.58580 9907.775468 3129.218599 0.00000000 0.00000000 0 0 0 0 0 3
20095.47730 8900.723264 255.113860 0.00000000 0.00000000 0 0 0 0 0 3
33016.88230 14889.327368 839.432385 0.00000000 0.00000000 0 0 0 0 0 3
36656.23330 12468.420849 1483.031511 0.00000000 0.00000000 0 0 0 0 0 3
43824.88470 15866.388491 6616.495536 0.00000000 0.00000000 0 0 0 0 0 3
46057.94830 14525.375162 4125.305681 0.00000000 0.00000000 0 0 0 0 0 3
48801.73690 18357.391662 28222.493552 0.00000000 0.00000000 0 0 0 0 0 3
49097.16930 15301.678152 7935.348000 0.00000000 0.00000000 0 0 0 0 0 3
53527.85880 14580.353667 28.5278760 0.00000000 0.00000000 0 0 0 0 0 3
57100.33790 12578.440446 27526.365842 0.00000000 0.00000000 0 0 0 0 0 3
63845.82660 20490.919691 5541.925243 0.00000000 0.00000000 0 0 0 0 0 3
71717.78490 19490.292498 2101.060471 0.00000000 0.00000000 0 0 0 0 0 3
75079.10850 12830.442914 757.235078 0.00000000 0.00000000 0 0 0 0 0 3
81629.52020 19833.083438 10017.590740 0.00000000 0.00000000 0 0 0 0 0 3
90797.03040 28524.368755 71.4313600 0.00000000 0.00000000 0 0 0 0 0 3
94431.58490 20188.596522 12570.987781 0.00000000 0.00000000 0 0 0 0 0 3
97821.65730 19885.115536 5515.538648 0.00000000 0.00000000 0 0 0 0 0 3
104660.3658 26391.016684 13351.554880 0.00000000 0.00000000 0 0 0 0 0 3
108163.7824 25816.999185 55343.407111 0.00000000 0.00000000 0 0 0 0 0 3
110370.3314 29297.158313 4003.125303 0.00000000 0.00000000 0 0 0 0 0 3
113706.9804 22363.514529 1671.827161 0.00000000 0.00000000 0 0 0 0 0 3
120270.7042 22059.131431 12763.585022 0.00000000 0.00000000 0 0 0 0 0 3
125476.7483 29923.232319 228891.376049 0.00000000 0.00000000 0 0 0 0 0 3
133863.8126 32625.480112 1243.675860 0.00000000 0.00000000 0 0 0 0 0 3
138895.5534 25655.357431 2758.287446 0.00000000 0.00000000 0 0 0 0 0 3
141747.0200 27427.254521 5385.746716 0.00000000 0.00000000 0 0 0 0 0 3
145129.7316 23235.154409 102099.300132 0.00000000 0.00000000 0 0 0 0 0 3
151609.8888 41363.877097 929.938876 0.00000000 0.00000000 0 0 0 0 0 3
153301.6447 22398.159774 88865.966507 0.00000000 0.00000000 0 0 0 0 0 3
157140.5257 41526.326250 99770.286828 0.00000000 0.00000000 0 0 0 0 0 3
173287.1661 31976.124255 60427.632723 0.00000000 0.00000000 0 0 0 0 0 3
176358.9299 26826.678568 57026.955045 0.00000000 0.00000000 0 0 0 0 0 3
180572.5392 28298.363768 9641.560949 0.00000000 0.00000000 0 0 0 0 0 3
182735.8265 33541.897424 97290.948793 0.00000000 0.00000000 0 0 0 0 0 3
188675.4055 30334.518364 10779.695037 0.00000000 0.00000000 0 0 0 0 0 3
189284.2227 36152.046129 19087.660527 0.00000000 0.00000000 0 0 0 0 0 3
192756.4483 40809.309588 25848.146644 0.00000000 0.00000000 0 0 0 0 0 3
198653.8419 35513.383732 854.370068 0.00000000 0.00000000 0 0 0 0 0 3
207784.6646 33922.428775 42380.026169 0.00000000 0.00000000 0 0 0 0 0 3
211592.7864 46444.563915 5085.048856 0.00000000 0.00000000 0 0 0 0 0 3
222407.0752 32223.885805 32015.326328 0.00000000 0.00000000 0 0 0 0 0 3
223862.8928 43138.581150 1449.833171 0.00000000 0.00000000 0 0 0 0 0 3
227017.5239 42257.393646 103433.561370 0.00000000 0.00000000 0 0 0 0 0 3
231037.6669 50333.390388 21.7868890 0.00000000 0.00000000 0 0 0 0 0 3
238295.1983 36588.936334 26898.572550 0.00000000 0.00000000 0 0 0 0 0 3
249770.0826 36739.352641 46264.835273 0.00000000 0.00000000 0 0 0 0 0 3
257744.9178 41910.669846 167686.562388 0.00000000 0.00000000 0 0 0 0 0 3
265158.1658 40613.708937 2951.902754 0.00000000 0.00000000 0 0 0 0 0 3
267666.5802 46928.471104 1400.842605 0.00000000 0.00000000 0 0 0 0 0 3
274016.0849 41442.525953 22089.598848 0.00000000 0.00000000 0 0 0 0 0 3
279732.8628 45339.049761 161134.214635 0.00000000 0.00000000 0 0 0 0 0 3
287572.9780 40607.098481 40807.783225 0.00000000 0.00000000 0 0 0 0 0 3
291497.7421 33995.726671 73786.613323 0.00000000 0.00000000 0 0 0 0 0 3
298068.8965 35661.190700 169786.172889 0.00000000 0.00000000 0 0 0 0 0 3
302514.9442 49881.073090 119.463974 0.00000000 0.00000000 0 0 0 0 0 3
2587.333400 4288.025925 77.5130240 29.9812800 0.00000000 0 0 0 0 0 4
3913.241000 4573.943519 9.93500800 14.6710670 0.00000000 0 0 0 0 0 4
5903.114800 5100.551451 24.5846970 148.458371 0.00000000 0 0 0 0 0 4
7868.333900 6782.402589 353.778228 9.99670800 0.00000000 0 0 0 0 0 4
10739.35020 8021.321558 623.262542 407.394562 0.00000000 0 0 0 0 0 4
11246.47660 6983.738962 208.584679 35.9726850 0.00000000 0 0 0 0 0 4
13825.71120 8157.023909 3.72703700 349.517812 0.00000000 0 0 0 0 0 4
15562.18590 8689.935748 71.3607940 60.1005070 0.00000000 0 0 0 0 0 4
18068.29000 8241.318166 515.937252 68.5536250 0.00000000 0 0 0 0 0 4
19390.63960 10977.045406 19.3034080 103.060089 0.00000000 0 0 0 0 0 4
22935.62130 9974.604451 4345.998528 3534.486412 0.00000000 0 0 0 0 0 4
25120.90750 10232.576627 2361.874952 3217.288961 0.00000000 0 0 0 0 0 4
26821.38750 14216.575309 891.471937 1623.949870 0.00000000 0 0 0 0 0 4
28773.25440 14426.132099 462.743321 2142.818518 0.00000000 0 0 0 0 0 4
32024.07270 13123.462817 341.148104 32.9667950 0.00000000 0 0 0 0 0 4
33194.28000 12287.637463 4316.644474 3006.874167 0.00000000 0 0 0 0 0 4
34741.06510 12121.505947 3095.000869 7216.171539 0.00000000 0 0 0 0 0 4
36802.16380 15560.849345 23.4819650 12.6188830 0.00000000 0 0 0 0 0 4
38889.55210 18638.670969 0.41775500 16.9624580 0.00000000 0 0 0 0 0 4
39420.88420 13618.494384 86.4757540 2827.243654 0.00000000 0 0 0 0 0 4
39937.30360 18796.616881 284.025984 1296.232785 0.00000000 0 0 0 0 0 4
42435.28300 13252.016566 90.6034860 176.815859 0.00000000 0 0 0 0 0 4
44075.53430 15606.484709 1220.573357 1073.776882 0.00000000 0 0 0 0 0 4
47050.47700 17434.259853 90.4494300 135.204095 0.00000000 0 0 0 0 0 4
50106.17520 13233.936025 0.00751400 2008.497950 0.00000000 0 0 0 0 0 4
52612.88290 17000.214044 2462.822358 65.5843930 0.00000000 0 0 0 0 0 4
53332.97730 19464.022108 1581.019132 118.995873 0.00000000 0 0 0 0 0 4
54296.70230 16556.137153 4433.483556 3321.639963 0.00000000 0 0 0 0 0 4
55843.13440 20425.629185 253.428489 100.910533 0.00000000 0 0 0 0 0 4
58512.75660 19072.380165 1404.794235 31.9884430 0.00000000 0 0 0 0 0 4
59606.16130 22820.345656 2455.417170 815.181362 0.00000000 0 0 0 0 0 4
61647.60700 23483.564332 1121.811003 171.798171 0.00000000 0 0 0 0 0 4
65413.31220 15555.401872 6147.012103 8762.243665 0.00000000 0 0 0 0 0 4
67954.47810 18479.226329 87.7378050 3089.914831 0.00000000 0 0 0 0 0 4
70224.30990 14734.724932 333.368594 15826.223171 0.00000000 0 0 0 0 0 4
70835.22970 19272.612854 6017.039662 1910.305823 0.00000000 0 0 0 0 0 4
71824.87690 23003.450033 353.905986 10342.129267 0.00000000 0 0 0 0 0 4
74144.39240 19641.213948 925.366746 2516.867085 0.00000000 0 0 0 0 0 4
77568.21540 21148.588779 9105.721058 3022.467195 0.00000000 0 0 0 0 0 4
79614.85530 21433.232791 9244.979899 6636.918850 0.00000000 0 0 0 0 0 4
81892.30360 29198.082030 14541.941808 178.867895 0.00000000 0 0 0 0 0 4
83628.70250 20928.938017 1969.595094 5794.702890 0.00000000 0 0 0 0 0 4
83907.47750 21786.286539 1893.443694 2520.141975 0.00000000 0 0 0 0 0 4
85414.46790 20227.940059 7794.355861 4202.144141 0.00000000 0 0 0 0 0 4
87530.94850 21320.089099 10184.799180 8506.292399 0.00000000 0 0 0 0 0 4
88986.38020 24207.804270 106.304984 3092.447807 0.00000000 0 0 0 0 0 4
90589.29500 23651.182265 9273.507090 8675.835875 0.00000000 0 0 0 0 0 4
92143.70470 20573.535246 1050.692782 5039.598416 0.00000000 0 0 0 0 0 4
92874.53860 26781.358124 8817.773938 81.3108270 0.00000000 0 0 0 0 0 4
95240.98720 23224.926609 1479.600013 7384.994376 0.00000000 0 0 0 0 0 4
96732.60040 24076.818723 21194.787745 2426.515566 0.00000000 0 0 0 0 0 4
98584.84500 20682.440410 9689.732971 999.895648 0.00000000 0 0 0 0 0 4
100096.7724 20081.838980 10265.795887 653.576023 0.00000000 0 0 0 0 0 4
101745.2003 19684.496393 20784.617826 52.3132080 0.00000000 0 0 0 0 0 4
104473.5198 25275.269564 4.29737100 5277.396276 0.00000000 0 0 0 0 0 4
105282.7830 22559.363600 6329.060191 12526.905847 0.00000000 0 0 0 0 0 4
107656.2846 27411.121470 2505.061046 1.27471200 0.00000000 0 0 0 0 0 4
109512.7239 23412.613533 1042.324659 1140.518442 0.00000000 0 0 0 0 0 4
110295.9247 22872.378170 3732.422800 761.066676 0.00000000 0 0 0 0 0 4
112150.1859 24645.529584 6487.856031 19489.985672 0.00000000 0 0 0 0 0 4
113137.4785 30048.812511 820.635512 252.358572 0.00000000 0 0 0 0 0 4
113262.6369 26940.577397 7349.835888 215.910142 0.00000000 0 0 0 0 0 4
114587.7439 25894.398900 292.153769 4695.114482 0.00000000 0 0 0 0 0 4
115278.3426 23309.213534 14362.241391 591.482480 0.00000000 0 0 0 0 0 4
115559.8834 23470.822133 2642.218198 27.9848200 0.00000000 0 0 0 0 0 4
117103.8281 32249.359745 118.611333 6708.879883 0.00000000 0 0 0 0 0 4
118861.0479 22996.409094 3744.604708 11436.165907 0.00000000 0 0 0 0 0 4
120272.0738 26511.041400 2124.512809 176.712212 0.00000000 0 0 0 0 0 4
121035.2496 22612.635047 16948.705949 9613.425586 0.00000000 0 0 0 0 0 4
123746.4713 29944.600440 308.969502 741.994988 0.00000000 0 0 0 0 0 4
125075.4394 27146.765530 1657.672737 3184.643307 0.00000000 0 0 0 0 0 4
125692.2073 23830.796782 383.466828 18570.248039 0.00000000 0 0 0 0 0 4
127417.6257 24257.034715 316.942619 20093.525981 0.00000000 0 0 0 0 0 4
129053.9717 26459.070692 2284.705885 2471.563093 0.00000000 0 0 0 0 0 4
132285.7117 23542.309792 703.004298 4081.501753 0.00000000 0 0 0 0 0 4
132694.4286 33506.741839 387.069167 22497.189828 0.00000000 0 0 0 0 0 4
134242.7878 28775.951687 22584.882729 5026.794204 0.00000000 0 0 0 0 0 4
138074.9787 28792.823224 9757.462251 50.8884750 0.00000000 0 0 0 0 0 4
139898.4413 30787.719979 104.527803 6726.481469 0.00000000 0 0 0 0 0 4
140335.0737 29423.649710 6924.156871 3189.697216 0.00000000 0 0 0 0 0 4
141493.4619 25949.184936 14889.075326 29169.900810 0.00000000 0 0 0 0 0 4
142486.1381 26387.855643 20507.074423 2198.056762 0.00000000 0 0 0 0 0 4
143253.6894 32200.055640 610.411355 2808.402110 0.00000000 0 0 0 0 0 4
146276.1258 33363.088190 16464.655004 14810.059018 0.00000000 0 0 0 0 0 4
149093.4168 21805.677215 10525.329075 598.559718 0.00000000 0 0 0 0 0 4
150862.5111 25140.834655 12162.483378 15880.721009 0.00000000 0 0 0 0 0 4
152925.4218 28528.186245 23257.470185 279.627306 0.00000000 0 0 0 0 0 4
155333.8348 35352.838284 3559.925936 2890.750254 0.00000000 0 0 0 0 0 4
156412.1518 34446.746359 3781.883345 593.494883 0.00000000 0 0 0 0 0 4
156790.4069 37146.640483 12630.826674 26350.204128 0.00000000 0 0 0 0 0 4
157424.6656 35519.229096 2497.431658 1797.872280 0.00000000 0 0 0 0 0 4
161887.7437 24134.254255 422.829193 7571.949587 0.00000000 0 0 0 0 0 4
163445.0882 28696.951824 184.099443 7200.438051 0.00000000 0 0 0 0 0 4
168035.6982 30448.026746 16066.733889 5714.096927 0.00000000 0 0 0 0 0 4
170385.9682 33675.071306 1948.318131 362.626462 0.00000000 0 0 0 0 0 4
172751.1311 39424.228999 2786.487702 1267.536736 0.00000000 0 0 0 0 0 4
175586.1629 26965.226005 8364.699657 1448.947547 0.00000000 0 0 0 0 0 4
178914.3880 33229.226860 3682.500789 14005.152669 0.00000000 0 0 0 0 0 4
180962.2320 29552.367037 2635.851339 372.489537 0.00000000 0 0 0 0 0 4
183232.0135 36057.924300 2573.733262 3208.626373 0.00000000 0 0 0 0 0 4
185098.1460 28987.715843 312.265632 992.185078 0.00000000 0 0 0 0 0 4
187900.3293 26460.371400 9478.567828 9022.182651 0.00000000 0 0 0 0 0 4
188696.7348 36023.685962 25249.012509 905.503583 0.00000000 0 0 0 0 0 4
189104.2658 27816.711472 20.3347340 814.549364 0.00000000 0 0 0 0 0 4
190869.6493 27722.635277 1577.143134 2762.945251 0.00000000 0 0 0 0 0 4
193699.0775 24691.629690 29088.500599 688.582039 0.00000000 0 0 0 0 0 4
195162.5569 33639.832736 7738.844699 362.870483 0.00000000 0 0 0 0 0 4
196146.8836 31190.786416 3555.367400 17720.818498 0.00000000 0 0 0 0 0 4
196363.1461 34046.418875 5593.771958 13293.810869 0.00000000 0 0 0 0 0 4
199980.8924 37425.396890 25950.644023 727.335942 0.00000000 0 0 0 0 0 4
200652.5324 28322.092100 8.39477700 10623.471682 0.00000000 0 0 0 0 0 4
202543.2672 38297.524157 58632.832014 509.098069 0.00000000 0 0 0 0 0 4
204462.7925 24872.437397 1341.082814 12647.759485 0.00000000 0 0 0 0 0 4
206448.4028 36406.377004 20490.168456 46174.882900 0.00000000 0 0 0 0 0 4
209052.5446 37372.887479 2864.362433 21688.164931 0.00000000 0 0 0 0 0 4
210235.3589 32698.360709 79455.882903 525.821102 0.00000000 0 0 0 0 0 4
211450.7479 43149.655281 379.102167 0.01692200 0.00000000 0 0 0 0 0 4
212550.0918 33398.904094 91983.452681 2089.048469 0.00000000 0 0 0 0 0 4
213107.2914 32604.076463 2274.287330 5578.265822 0.00000000 0 0 0 0 0 4
215085.8632 29955.222735 3760.675808 1220.872262 0.00000000 0 0 0 0 0 4
217239.0672 41120.598243 324.174438 34515.980394 0.00000000 0 0 0 0 0 4
218574.1031 32586.439118 2443.130073 4745.063744 0.00000000 0 0 0 0 0 4
220534.8316 31017.803439 20485.199686 5027.921532 0.00000000 0 0 0 0 0 4
221890.8133 29051.996321 14863.673839 3311.372653 0.00000000 0 0 0 0 0 4
224724.7176 34610.610277 11589.883005 6764.061799 0.00000000 0 0 0 0 0 4
225990.9531 32615.051139 940.287460 3778.063533 0.00000000 0 0 0 0 0 4
228454.5172 29471.706759 40.6693230 974.881383 0.00000000 0 0 0 0 0 4
230113.1845 34623.331102 3758.100080 9046.788188 0.00000000 0 0 0 0 0 4
232325.8326 27070.781415 52.3260210 528.175896 0.00000000 0 0 0 0 0 4
233375.4974 33381.085892 325.843439 26455.608253 0.00000000 0 0 0 0 0 4
234413.1070 29996.709142 553.744671 42538.785924 0.00000000 0 0 0 0 0 4
237389.8821 39881.001784 6619.549210 898.136866 0.00000000 0 0 0 0 0 4
237934.3855 32243.597889 2585.140604 7240.499566 0.00000000 0 0 0 0 0 4
240628.0832 38509.594043 19309.018400 61618.553505 0.00000000 0 0 0 0 0 4
243056.2174 55022.692810 4221.024647 87437.537265 0.00000000 0 0 0 0 0 4
244046.2626 37621.860838 17182.224562 1.31139500 0.00000000 0 0 0 0 0 4
244665.1339 30565.762482 50379.062190 6833.519730 0.00000000 0 0 0 0 0 4
246205.8619 30788.792879 2611.487827 16078.586695 0.00000000 0 0 0 0 0 4
249961.0583 39928.626484 12914.016407 45273.281545 0.00000000 0 0 0 0 0 4
251222.7424 33669.979858 8471.398025 2715.575663 0.00000000 0 0 0 0 0 4
253377.6339 34597.215964 41.2944500 14761.621810 0.00000000 0 0 0 0 0 4
255520.6121 26248.704786 319.201086 12689.143958 0.00000000 0 0 0 0 0 4
256880.0670 43994.346846 9679.728946 14227.154104 0.00000000 0 0 0 0 0 4
259451.5575 39122.205494 3138.374821 21356.601161 0.00000000 0 0 0 0 0 4
259990.9935 47748.751963 17450.876347 29453.346073 0.00000000 0 0 0 0 0 4
261247.4331 41041.446381 56333.575845 391.686515 0.00000000 0 0 0 0 0 4
264781.3794 34461.642243 60349.516456 74213.377512 0.00000000 0 0 0 0 0 4
267502.9434 35902.370919 29191.200259 6196.705963 0.00000000 0 0 0 0 0 4
270658.9560 40994.078833 175150.442684 47058.370559 0.00000000 0 0 0 0 0 4
274628.5571 35581.161611 51479.224586 1919.002430 0.00000000 0 0 0 0 0 4
276014.6585 30349.311156 13993.370090 29401.648124 0.00000000 0 0 0 0 0 4
276744.2187 34856.432270 23629.880726 32246.168943 0.00000000 0 0 0 0 0 4
277919.8113 45842.840844 12695.731909 35026.049468 0.00000000 0 0 0 0 0 4
280401.9185 46868.472707 25175.964162 982.219104 0.00000000 0 0 0 0 0 4
284027.9053 37984.675552 3406.095638 29738.927455 0.00000000 0 0 0 0 0 4
286400.9921 39299.890892 1409.954955 2109.229614 0.00000000 0 0 0 0 0 4
287597.9279 36525.962133 1.02950600 47.1451230 0.00000000 0 0 0 0 0 4
289729.5080 42720.782927 2382.869655 16315.092565 0.00000000 0 0 0 0 0 4
291212.9947 43111.668851 555.233899 2189.777702 0.00000000 0 0 0 0 0 4
292884.9742 46547.791658 4864.834220 9378.339076 0.00000000 0 0 0 0 0 4
293979.8779 31735.049255 39336.592735 5367.891442 0.00000000 0 0 0 0 0 4
295171.7593 49391.284763 48419.138736 125395.858185 0.00000000 0 0 0 0 0 4
297821.0555 39719.613409 31233.329088 1932.336672 0.00000000 0 0 0 0 0 4
299493.9610 40195.033397 697.683629 21900.712789 0.00000000 0 0 0 0 0 4
302123.0742 44143.126525 32.1665700 44601.480422 0.00000000 0 0 0 0 0 4
793.2375000 2110.169589 8.99054700 2.46220700 0.00000000 0 0 0 0 0 5
3902.529600 4994.712158 8.32566800 70.9548790 0.00000000 0 0 0 0 0 5
4769.859300 4582.642158 32.2480010 15.5413720 0.00000000 0 0 0 0 0 5
7155.874600 6700.406994 184.394104 0.19489300 0.00000000 0 0 0 0 0 5
11131.90250 6988.273062 1.03574800 537.246283 0.00000000 0 0 0 0 0 5
13337.60750 6752.366996 137.439588 1.53503800 0.00000000 0 0 0 0 0 5
16106.03170 9712.166371 1975.602475 18.6258450 0.00000000 0 0 0 0 0 5
19281.32550 8364.377339 123.744170 28.6001270 0.00000000 0 0 0 0 0 5
20082.74970 11697.705858 3863.496611 367.763254 0.00000000 0 0 0 0 0 5
20855.64950 12215.754994 135.881627 457.005386 0.00000000 0 0 0 0 0 5
22424.02800 10959.148372 76.3683060 912.621809 0.00000000 0 0 0 0 0 5
22680.86990 12633.342863 838.020629 37.6190920 0.00000000 0 0 0 0 0 5
24721.09250 10809.394554 343.724578 1308.005183 0.00000000 0 0 0 0 0 5
26243.75770 12869.152234 1105.224288 169.352400 0.00000000 0 0 0 0 0 5
27773.60280 16019.781362 478.111561 629.300348 0.00000000 0 0 0 0 0 5
29749.96040 14610.982555 362.817731 3.98782400 0.00000000 0 0 0 0 0 5
30181.28060 12136.788452 3841.805195 47.7812080 0.00000000 0 0 0 0 0 5
30896.58670 10786.518799 90.9858430 897.029682 0.00000000 0 0 0 0 0 5
33268.99910 12237.817572 2.64196200 197.610112 0.00000000 0 0 0 0 0 5
35103.69430 12642.192844 5317.352624 999.901751 0.00000000 0 0 0 0 0 5
36216.81660 14940.671395 167.263572 207.765765 0.00000000 0 0 0 0 0 5
36913.20030 14794.523530 39.5429780 222.219620 0.00000000 0 0 0 0 0 5
38975.97050 17264.764797 1582.043703 844.231834 0.00000000 0 0 0 0 0 5
41527.97150 14886.058385 56.9821340 2163.349562 0.00000000 0 0 0 0 0 5
45008.89290 15973.708949 460.745036 243.355259 0.00000000 0 0 0 0 0 5
48266.97760 15367.188133 8924.518673 1909.286547 0.00000000 0 0 0 0 0 5
49825.89450 12897.684621 8.22406000 648.250795 0.00000000 0 0 0 0 0 5
50736.86630 13746.686684 551.390368 138.006422 0.00000000 0 0 0 0 0 5
52700.06400 12646.112835 7.43763600 10107.837042 0.00000000 0 0 0 0 0 5
53371.31230 18118.818545 6201.954984 1156.573002 0.00000000 0 0 0 0 0 5
53546.45550 18485.488642 892.296521 8.81996500 0.00000000 0 0 0 0 0 5
54052.39540 22191.826143 4542.452360 137.235600 0.00000000 0 0 0 0 0 5
54334.67480 14772.284379 403.749102 182.119016 0.00000000 0 0 0 0 0 5
56133.47370 24669.760291 1325.975230 1943.859943 0.00000000 0 0 0 0 0 5
57796.71460 14331.784620 1231.517999 1926.516657 0.00000000 0 0 0 0 0 5
59466.41240 23031.147023 28775.541926 2940.307130 0.00000000 0 0 0 0 0 5
60674.56520 17795.973021 94.6035450 44.6832550 0.00000000 0 0 0 0 0 5
62637.46130 15025.258363 5268.932603 4516.632209 0.00000000 0 0 0 0 0 5
63726.22800 22708.715676 4681.426915 1602.020350 0.00000000 0 0 0 0 0 5
64808.38850 18885.192290 1249.615185 1295.795291 0.00000000 0 0 0 0 0 5
67024.55130 22990.951614 1779.794835 630.101526 0.00000000 0 0 0 0 0 5
68327.21060 22367.134473 1279.516931 4244.207962 0.00000000 0 0 0 0 0 5
69492.76390 21155.643572 336.826711 3996.648067 0.00000000 0 0 0 0 0 5
72712.35270 20360.301200 4200.705383 363.923728 0.00000000 0 0 0 0 0 5
76028.36510 26809.893749 292.942102 9872.729558 0.00000000 0 0 0 0 0 5
81104.89960 21205.848660 1467.379941 340.121714 0.00000000 0 0 0 0 0 5
83727.44170 21025.208814 1566.230423 2202.759927 0.00000000 0 0 0 0 0 5
84432.79580 24872.250184 1392.827854 25.3194160 0.00000000 0 0 0 0 0 5
84785.12770 21460.843711 2855.503388 155.783055 0.00000000 0 0 0 0 0 5
85740.51590 20109.316974 8636.088372 2779.513250 0.00000000 0 0 0 0 0 5
87258.73780 24251.283790 4953.670506 212.103843 0.00000000 0 0 0 0 0 5
88644.98170 23019.140064 923.029804 3318.850253 0.00000000 0 0 0 0 0 5
90012.97800 18994.521901 713.653365 5005.828526 0.00000000 0 0 0 0 0 5
93057.26750 25030.331904 4499.184662 2713.724939 0.00000000 0 0 0 0 0 5
95358.00870 29463.915656 3936.548067 131.192528 0.00000000 0 0 0 0 0 5
96950.30530 26288.527608 3131.321628 2966.367721 0.00000000 0 0 0 0 0 5
98152.63990 23906.774236 1821.322790 616.955930 0.00000000 0 0 0 0 0 5
100684.8023 23419.551306 13731.951263 2414.672754 0.00000000 0 0 0 0 0 5
102706.9465 23784.107110 7652.516400 68.2543900 0.00000000 0 0 0 0 0 5
103929.2347 25187.860487 12.6507780 277.892590 0.00000000 0 0 0 0 0 5
105458.0125 24139.396966 751.705428 1717.392106 0.00000000 0 0 0 0 0 5
107084.2160 26274.700014 59.3686140 54.5798300 0.00000000 0 0 0 0 0 5
107879.5525 25457.071341 4560.125920 1584.702821 0.00000000 0 0 0 0 0 5
109649.4294 24462.966632 1317.478267 1485.620693 0.00000000 0 0 0 0 0 5
109947.6485 35419.020090 9700.156460 6878.279311 0.00000000 0 0 0 0 0 5
110964.9969 25114.965879 1204.747947 16556.640280 0.00000000 0 0 0 0 0 5
112047.7780 24825.268731 151.257994 914.239606 0.00000000 0 0 0 0 0 5
113050.7601 25529.426325 139.897327 3485.686292 0.00000000 0 0 0 0 0 5
116287.7311 32070.650899 11718.074116 885.095258 0.00000000 0 0 0 0 0 5
118800.0928 29736.999985 859.642800 183.197116 0.00000000 0 0 0 0 0 5
121193.4852 28884.026582 599.059266 10.8841970 0.00000000 0 0 0 0 0 5
125279.6457 29050.037124 20195.433309 10487.035947 0.00000000 0 0 0 0 0 5
126951.8854 24271.476218 22.9596510 0.49395400 0.00000000 0 0 0 0 0 5
128758.5746 33206.019337 5854.813063 2444.440439 0.00000000 0 0 0 0 0 5
131714.2458 31149.386935 2527.008867 2764.891440 0.00000000 0 0 0 0 0 5
132618.8580 29375.154289 31416.400746 19157.134892 0.00000000 0 0 0 0 0 5
134817.2562 26674.334507 9479.547234 5917.669966 0.00000000 0 0 0 0 0 5
136207.9756 34330.515652 797.398322 12693.980000 0.00000000 0 0 0 0 0 5
137417.4547 21457.564856 771.141567 11382.203112 0.00000000 0 0 0 0 0 5
138295.8951 21416.347128 9111.358929 10127.464099 0.00000000 0 0 0 0 0 5
140678.2538 29801.136560 228.463075 2249.418199 0.00000000 0 0 0 0 0 5
143956.6674 21042.197899 17346.785537 39111.584643 0.00000000 0 0 0 0 0 5
146824.7695 23710.285390 31341.115400 854.041494 0.00000000 0 0 0 0 0 5
149828.2087 29848.467894 2274.266244 645.817151 0.00000000 0 0 0 0 0 5
150952.1273 30530.882890 10012.991830 10067.444413 0.00000000 0 0 0 0 0 5
152279.9110 29606.506756 5880.473831 25146.443506 0.00000000 0 0 0 0 0 5
155629.1080 40542.603967 1861.795565 8417.249487 0.00000000 0 0 0 0 0 5
158459.1594 31032.014771 6895.820742 5375.339455 0.00000000 0 0 0 0 0 5
160090.0287 31374.370341 1561.153816 6738.597226 0.00000000 0 0 0 0 0 5
161409.5430 35204.444165 33351.866909 12257.117337 0.00000000 0 0 0 0 0 5
163636.8427 28775.560251 6834.747476 949.729475 0.00000000 0 0 0 0 0 5
165148.0519 30256.006911 47164.248817 2896.599802 0.00000000 0 0 0 0 0 5
168481.8736 27096.560607 67858.827300 27681.557455 0.00000000 0 0 0 0 0 5
169256.9831 37430.340934 593.477641 20086.004405 0.00000000 0 0 0 0 0 5
170789.9045 28718.252112 34556.106908 34.6806930 0.00000000 0 0 0 0 0 5
171621.4436 24799.061314 684.306330 1204.135557 0.00000000 0 0 0 0 0 5
171930.7951 28650.145787 13417.859815 177.542810 0.00000000 0 0 0 0 0 5
172569.0413 27091.374649 1072.066171 4669.955231 0.00000000 0 0 0 0 0 5
173272.9492 24111.698858 7115.993506 592.099377 0.00000000 0 0 0 0 0 5
174301.3163 30931.079926 2314.170098 11860.036510 0.00000000 0 0 0 0 0 5
175883.4443 30176.754039 2525.607811 2063.031561 0.00000000 0 0 0 0 0 5
177815.5789 26938.056575 599.936636 6700.974077 0.00000000 0 0 0 0 0 5
180689.3582 26532.786555 242.684498 6295.384026 0.00000000 0 0 0 0 0 5
181686.0379 29688.304175 34120.100644 14054.417351 0.00000000 0 0 0 0 0 5
183201.9884 43041.658929 6137.759764 33584.474887 0.00000000 0 0 0 0 0 5
187015.6804 42808.994863 3443.054350 33385.785597 0.00000000 0 0 0 0 0 5
188141.5073 33660.176225 2848.031732 2070.736158 0.00000000 0 0 0 0 0 5
190591.7971 25884.685559 920.959061 3424.490856 0.00000000 0 0 0 0 0 5
191389.0466 37027.635250 8267.335762 8659.202595 0.00000000 0 0 0 0 0 5
192146.3743 38810.364454 28.6442270 12067.047514 0.00000000 0 0 0 0 0 5
193267.7414 31713.143421 66152.366885 4767.254416 0.00000000 0 0 0 0 0 5
193963.2974 33614.180381 5921.398210 0.53961600 0.00000000 0 0 0 0 0 5
195436.0794 33368.120181 614.130274 23391.315239 0.00000000 0 0 0 0 0 5
195984.2995 42762.091213 5696.117121 792.284331 0.00000000 0 0 0 0 0 5
199899.3621 26188.986379 11233.010606 6919.272246 0.00000000 0 0 0 0 0 5
200588.0338 38609.737056 23932.030457 20.3248840 0.00000000 0 0 0 0 0 5
202160.1824 28724.701657 1834.747119 5385.289847 0.00000000 0 0 0 0 0 5
206550.8854 33723.326869 17527.638622 1447.537578 0.00000000 0 0 0 0 0 5
209517.4618 41807.875479 969.766217 4723.813657 0.00000000 0 0 0 0 0 5
210301.9421 33680.986417 21.8330320 3.91748200 0.00000000 0 0 0 0 0 5
211129.5509 46814.848397 2590.600085 14391.194642 0.00000000 0 0 0 0 0 5
213302.5919 40612.658564 125.896630 5638.995598 0.00000000 0 0 0 0 0 5
215450.5090 36348.572209 5115.848241 29.3077490 0.00000000 0 0 0 0 0 5
217705.6197 38667.916043 1599.859587 2021.096681 0.00000000 0 0 0 0 0 5
218834.1530 36348.514656 2802.245767 32.7322940 0.00000000 0 0 0 0 0 5
219215.6797 25499.255432 332.436906 57.5147990 0.00000000 0 0 0 0 0 5
220338.4698 39257.305450 38358.367056 9871.641206 0.00000000 0 0 0 0 0 5
220773.7288 40727.793436 18716.008631 3565.759954 0.00000000 0 0 0 0 0 5
222453.3403 40179.578744 29674.019185 639.499831 0.00000000 0 0 0 0 0 5
224859.9730 40164.722779 3775.005202 43666.945973 0.00000000 0 0 0 0 0 5
225405.0040 36659.427336 16699.613836 23405.363107 0.00000000 0 0 0 0 0 5
229531.7044 37321.172875 28941.343418 103.101614 0.00000000 0 0 0 0 0 5
232224.5148 44939.792292 7973.171835 2225.536614 0.00000000 0 0 0 0 0 5
234877.7011 33998.504056 1.97627800 7659.073353 0.00000000 0 0 0 0 0 5
235376.6312 43365.213509 12605.961917 3097.464884 0.00000000 0 0 0 0 0 5
237498.4132 43696.037222 57185.431850 4124.035817 0.00000000 0 0 0 0 0 5
240154.7108 37009.477220 54684.980299 50812.647850 0.00000000 0 0 0 0 0 5
243116.0313 37391.679446 852.996609 984.495854 0.00000000 0 0 0 0 0 5
245506.3797 44108.603493 959.482180 531.472452 0.00000000 0 0 0 0 0 5
247291.7768 36322.447871 3746.472221 22350.299961 0.00000000 0 0 0 0 0 5
248995.8640 46411.096177 239.213926 42383.979957 0.00000000 0 0 0 0 0 5
249636.5594 40283.787913 5306.452340 218.891689 0.00000000 0 0 0 0 0 5
251070.8149 30195.231176 1074.327233 3423.569498 0.00000000 0 0 0 0 0 5
254457.4292 37592.032600 24753.961504 1867.241640 0.00000000 0 0 0 0 0 5
255575.4896 39832.234707 7811.175520 452.404877 0.00000000 0 0 0 0 0 5
257129.0302 35915.500000 8882.144412 39.8022770 0.00000000 0 0 0 0 0 5
258778.1003 35996.459989 8166.946358 13330.822023 0.00000000 0 0 0 0 0 5
260859.5227 35477.880295 2154.028895 918.271959 0.00000000 0 0 0 0 0 5
264029.8961 26447.666478 16.1568420 8510.866585 0.00000000 0 0 0 0 0 5
265274.4226 36444.501279 19045.359421 6020.127935 0.00000000 0 0 0 0 0 5
268667.4054 43742.979648 3920.700097 15.9170180 0.00000000 0 0 0 0 0 5
271878.2620 34113.565376 4.31624700 826.281475 0.00000000 0 0 0 0 0 5
274064.9752 39494.813500 38.8505940 5234.363724 0.00000000 0 0 0 0 0 5
276648.9349 42977.249920 3.94599500 21899.883620 0.00000000 0 0 0 0 0 5
279538.6815 37058.944161 7.79920100 808.096155 0.00000000 0 0 0 0 0 5
281515.4066 40202.788677 1087.624215 2062.814068 0.00000000 0 0 0 0 0 5
284099.1178 39087.912856 2372.440959 1747.257883 0.00000000 0 0 0 0 0 5
286614.4328 35388.889224 1281.570095 2985.870947 0.00000000 0 0 0 0 0 5
287921.2428 31147.240930 3.10512900 72758.009765 0.00000000 0 0 0 0 0 5
290345.8128 44899.604413 4534.361829 83551.063424 0.00000000 0 0 0 0 0 5
293608.0557 41198.647205 5097.537747 1643.597423 0.00000000 0 0 0 0 0 5
294822.4735 36329.675387 11240.098668 13538.817548 0.00000000 0 0 0 0 0 5
297697.6159 47904.046685 4270.376364 1092.527799 0.00000000 0 0 0 0 0 5
299270.0354 34415.149812 841.902892 60102.537182 0.00000000 0 0 0 0 0 5
300084.4558 41879.092326 8445.558524 18337.489513 0.00000000 0 0 0 0 0 5
1077.691600 2789.394346 0.63876400 0.00000000 0.00000000 0 0 0 0 0 6
1260.620200 3263.882617 1.79730400 0.00000000 0.00000000 0 0 0 0 0 6
1593.729600 2549.737251 0.50949900 0.00000000 0.00000000 0 0 0 0 0 6
2995.080400 4299.061291 4.18216900 0.00000000 0.00000000 0 0 0 0 0 6
4258.730400 5547.676566 71.7684740 0.00000000 0.00000000 0 0 0 0 0 6
4990.797300 4963.161267 11.9351760 0.00000000 0.00000000 0 0 0 0 0 6
5562.403900 6180.902099 147.467919 0.00000000 0.00000000 0 0 0 0 0 6
7432.625100 6898.860680 8.90940400 0.00000000 0.00000000 0 0 0 0 0 6
8207.895400 6141.022164 5.62334700 0.00000000 0.00000000 0 0 0 0 0 6
8449.870100 6680.180228 6.54001800 0.00000000 0.00000000 0 0 0 0 0 6
9928.902600 7378.266299 13.0121520 0.00000000 0.00000000 0 0 0 0 0 6
10166.86560 7720.327202 44.8927720 0.00000000 0.00000000 0 0 0 0 0 6
11780.75130 7757.131983 17.4756260 0.00000000 0.00000000 0 0 0 0 0 6
14627.82920 8661.656390 15.6212480 0.00000000 0.00000000 0 0 0 0 0 6
15168.19260 9551.740867 119.177124 0.00000000 0.00000000 0 0 0 0 0 6
16697.77500 6933.656128 97.1383870 0.00000000 0.00000000 0 0 0 0 0 6
18291.52790 10114.785318 23.9788000 0.00000000 0.00000000 0 0 0 0 0 6
19633.26770 8323.469684 5.10884500 0.00000000 0.00000000 0 0 0 0 0 6
21031.04240 10135.584035 500.373118 0.00000000 0.00000000 0 0 0 0 0 6
23101.18330 8431.017387 233.506774 0.00000000 0.00000000 0 0 0 0 0 6
24091.85570 11351.920519 461.599955 0.00000000 0.00000000 0 0 0 0 0 6
24315.03290 12664.318302 173.899593 0.00000000 0.00000000 0 0 0 0 0 6
25138.04010 11324.404132 141.468097 0.00000000 0.00000000 0 0 0 0 0 6
27875.62480 12227.103288 197.649682 0.00000000 0.00000000 0 0 0 0 0 6
30501.30840 14619.871010 700.680900 0.00000000 0.00000000 0 0 0 0 0 6
32327.13520 13570.682163 717.394666 0.00000000 0.00000000 0 0 0 0 0 6
33891.09910 13125.682364 29.3217980 0.00000000 0.00000000 0 0 0 0 0 6
34806.48240 16240.659509 1038.210480 0.00000000 0.00000000 0 0 0 0 0 6
37055.64530 13231.273035 310.730937 0.00000000 0.00000000 0 0 0 0 0 6
39411.01920 15996.854184 2.08765100 0.00000000 0.00000000 0 0 0 0 0 6
41449.74400 18109.978026 183.928061 0.00000000 0.00000000 0 0 0 0 0 6
42536.93990 15778.645929 211.392510 0.00000000 0.00000000 0 0 0 0 0 6
44399.26920 18594.049837 1959.435041 0.00000000 0.00000000 0 0 0 0 0 6
44881.68630 14723.274206 139.730033 0.00000000 0.00000000 0 0 0 0 0 6
47272.07110 15899.251329 2420.843087 0.00000000 0.00000000 0 0 0 0 0 6
48576.14480 14699.377576 3108.044746 0.00000000 0.00000000 0 0 0 0 0 6
51194.88020 19219.908106 0.71055300 0.00000000 0.00000000 0 0 0 0 0 6
52230.28410 19029.128837 15.6249340 0.00000000 0.00000000 0 0 0 0 0 6
53604.65350 18946.929676 30.4791200 0.00000000 0.00000000 0 0 0 0 0 6
55238.88010 15025.601575 266.934226 0.00000000 0.00000000 0 0 0 0 0 6
55765.19180 20314.473282 2252.293150 0.00000000 0.00000000 0 0 0 0 0 6
57966.31000 20661.103293 46.5352300 0.00000000 0.00000000 0 0 0 0 0 6
59884.48790 21476.356810 629.920864 0.00000000 0.00000000 0 0 0 0 0 6
61544.99170 18414.786702 4408.456058 0.00000000 0.00000000 0 0 0 0 0 6
64881.86340 16221.297043 2458.004519 0.00000000 0.00000000 0 0 0 0 0 6
65678.86700 16815.635533 521.022129 0.00000000 0.00000000 0 0 0 0 0 6
66611.22210 22802.687352 933.772909 0.00000000 0.00000000 0 0 0 0 0 6
67807.83200 21119.353723 432.781323 0.00000000 0.00000000 0 0 0 0 0 6
69848.15190 17637.333010 128.293613 0.00000000 0.00000000 0 0 0 0 0 6
70583.51350 18720.161248 220.248249 0.00000000 0.00000000 0 0 0 0 0 6
72040.59170 18552.429735 50.8561410 0.00000000 0.00000000 0 0 0 0 0 6
72993.32720 19097.657241 144.327842 0.00000000 0.00000000 0 0 0 0 0 6
74755.32030 19748.155540 1917.411622 0.00000000 0.00000000 0 0 0 0 0 6
76290.72300 25137.649952 4803.645894 0.00000000 0.00000000 0 0 0 0 0 6
77843.78460 28254.656211 830.790439 0.00000000 0.00000000 0 0 0 0 0 6
80243.10150 22310.978182 440.016146 0.00000000 0.00000000 0 0 0 0 0 6
80564.12170 25030.857477 1659.696934 0.00000000 0.00000000 0 0 0 0 0 6
83064.69740 16721.519403 1484.545484 0.00000000 0.00000000 0 0 0 0 0 6
84650.88080 21291.688585 63.0223990 0.00000000 0.00000000 0 0 0 0 0 6
85520.39990 24762.580119 127.618566 0.00000000 0.00000000 0 0 0 0 0 6
87249.08150 22110.164090 383.899188 0.00000000 0.00000000 0 0 0 0 0 6
90212.12880 20123.222937 142.009161 0.00000000 0.00000000 0 0 0 0 0 6
92242.54920 22164.480218 97.2255380 0.00000000 0.00000000 0 0 0 0 0 6
94036.06380 21140.245821 100.892443 0.00000000 0.00000000 0 0 0 0 0 6
95459.57090 22952.280032 1596.627095 0.00000000 0.00000000 0 0 0 0 0 6
98262.22830 25286.702453 120.406542 0.00000000 0.00000000 0 0 0 0 0 6
100082.5034 26979.554596 45.2406200 0.00000000 0.00000000 0 0 0 0 0 6
100855.2489 27095.731889 155.145540 0.00000000 0.00000000 0 0 0 0 0 6
103641.5742 25694.997783 590.112766 0.00000000 0.00000000 0 0 0 0 0 6
105415.0262 16843.383972 769.878782 0.00000000 0.00000000 0 0 0 0 0 6
106281.3362 22547.866506 2929.751922 0.00000000 0.00000000 0 0 0 0 0 6
106912.0645 20863.772737 1411.193178 0.00000000 0.00000000 0 0 0 0 0 6
108715.5875 26522.627473 162.089018 0.00000000 0.00000000 0 0 0 0 0 6
109924.3175 16904.537901 3.91607200 0.00000000 0.00000000 0 0 0 0 0 6
111108.5237 19013.449786 1874.107992 0.00000000 0.00000000 0 0 0 0 0 6
114397.4283 25576.373432 842.081987 0.00000000 0.00000000 0 0 0 0 0 6
115730.8270 37178.098784 167.276106 0.00000000 0.00000000 0 0 0 0 0 6
117507.7035 19677.624863 14501.425720 0.00000000 0.00000000 0 0 0 0 0 6
119427.0346 22012.181054 462.606051 0.00000000 0.00000000 0 0 0 0 0 6
120734.6012 20027.425246 713.146240 0.00000000 0.00000000 0 0 0 0 0 6
122791.8927 24758.896461 431.985483 0.00000000 0.00000000 0 0 0 0 0 6
123377.1825 26683.160651 4854.221998 0.00000000 0.00000000 0 0 0 0 0 6
124101.3955 24675.873500 13381.716444 0.00000000 0.00000000 0 0 0 0 0 6
126532.7813 23808.622345 2456.843031 0.00000000 0.00000000 0 0 0 0 0 6
128271.2120 28489.841111 30.7852370 0.00000000 0.00000000 0 0 0 0 0 6
129523.7996 24846.528319 2.36469400 0.00000000 0.00000000 0 0 0 0 0 6
130575.3924 25525.858255 156.222386 0.00000000 0.00000000 0 0 0 0 0 6
131317.6070 22003.373853 12799.194218 0.00000000 0.00000000 0 0 0 0 0 6
132518.4305 32696.267737 89.9792200 0.00000000 0.00000000 0 0 0 0 0 6
134172.9616 30875.969781 3211.485646 0.00000000 0.00000000 0 0 0 0 0 6
135158.7334 29232.822339 4919.279281 0.00000000 0.00000000 0 0 0 0 0 6
135661.3345 30533.861495 525.929404 0.00000000 0.00000000 0 0 0 0 0 6
137751.6148 23319.326621 105.323091 0.00000000 0.00000000 0 0 0 0 0 6
138268.6880 27865.440837 4859.749778 0.00000000 0.00000000 0 0 0 0 0 6
140087.9567 26819.816674 0.40031700 0.00000000 0.00000000 0 0 0 0 0 6
142576.6893 29655.800802 18.0323460 0.00000000 0.00000000 0 0 0 0 0 6
143720.1804 31526.198026 315.842971 0.00000000 0.00000000 0 0 0 0 0 6
144881.8316 28456.300597 1234.734991 0.00000000 0.00000000 0 0 0 0 0 6
147609.4435 20506.176965 466.644203 0.00000000 0.00000000 0 0 0 0 0 6
149017.0980 29784.198702 2576.006890 0.00000000 0.00000000 0 0 0 0 0 6
150490.7838 26929.279954 10876.298957 0.00000000 0.00000000 0 0 0 0 0 6
152311.6833 33140.008296 685.754223 0.00000000 0.00000000 0 0 0 0 0 6
152855.5266 32985.175530 1900.702951 0.00000000 0.00000000 0 0 0 0 0 6
153440.5443 31054.137737 1.95784100 0.00000000 0.00000000 0 0 0 0 0 6
154485.4280 24045.806907 9214.634818 0.00000000 0.00000000 0 0 0 0 0 6
157394.3083 35042.381037 4940.507250 0.00000000 0.00000000 0 0 0 0 0 6
158939.5933 32405.461632 7162.253562 0.00000000 0.00000000 0 0 0 0 0 6
159674.7794 29835.271826 4092.854567 0.00000000 0.00000000 0 0 0 0 0 6
161285.4549 22070.039427 1577.930257 0.00000000 0.00000000 0 0 0 0 0 6
162036.5112 35943.052223 686.862738 0.00000000 0.00000000 0 0 0 0 0 6
163569.4887 36922.202981 576.561199 0.00000000 0.00000000 0 0 0 0 0 6
165887.2898 35193.448036 9340.253243 0.00000000 0.00000000 0 0 0 0 0 6
166783.3586 26429.791784 18.4559340 0.00000000 0.00000000 0 0 0 0 0 6
168308.1063 29605.022172 259.821463 0.00000000 0.00000000 0 0 0 0 0 6
170174.5190 25915.203986 3116.110219 0.00000000 0.00000000 0 0 0 0 0 6
171398.6462 39918.295908 78.9521920 0.00000000 0.00000000 0 0 0 0 0 6
172853.4015 33895.927415 4854.985783 0.00000000 0.00000000 0 0 0 0 0 6
173967.1799 34258.779089 1.80811100 0.00000000 0.00000000 0 0 0 0 0 6
175889.5824 31905.543210 12290.792956 0.00000000 0.00000000 0 0 0 0 0 6
176617.3358 28715.054545 5869.721730 0.00000000 0.00000000 0 0 0 0 0 6
177760.0486 34227.150257 798.284441 0.00000000 0.00000000 0 0 0 0 0 6
179453.6938 36007.238646 2896.889493 0.00000000 0.00000000 0 0 0 0 0 6
181904.7696 34382.527012 134.878332 0.00000000 0.00000000 0 0 0 0 0 6
184588.0520 34470.426450 2273.001479 0.00000000 0.00000000 0 0 0 0 0 6
187925.0282 28991.132432 2306.194973 0.00000000 0.00000000 0 0 0 0 0 6
190043.3144 35388.714382 1994.965116 0.00000000 0.00000000 0 0 0 0 0 6
191410.9160 32542.569556 10.2281750 0.00000000 0.00000000 0 0 0 0 0 6
192332.8782 26168.421818 551.789981 0.00000000 0.00000000 0 0 0 0 0 6
192822.7474 30020.349854 19452.848096 0.00000000 0.00000000 0 0 0 0 0 6
194181.0502 32440.164394 534.795428 0.00000000 0.00000000 0 0 0 0 0 6
195429.9526 40962.732314 6372.821114 0.00000000 0.00000000 0 0 0 0 0 6
198287.1683 33841.598047 10177.607009 0.00000000 0.00000000 0 0 0 0 0 6
199699.0448 29892.441500 3021.020259 0.00000000 0.00000000 0 0 0 0 0 6
199799.1475 38542.222202 1583.680287 0.00000000 0.00000000 0 0 0 0 0 6
200303.6885 38123.360606 1254.834581 0.00000000 0.00000000 0 0 0 0 0 6
201020.6634 38303.484572 352.467619 0.00000000 0.00000000 0 0 0 0 0 6
202438.6922 41954.507510 7142.636865 0.00000000 0.00000000 0 0 0 0 0 6
203866.6411 33284.403000 7455.399158 0.00000000 0.00000000 0 0 0 0 0 6
207649.9158 39538.751854 1703.257387 0.00000000 0.00000000 0 0 0 0 0 6
211023.4336 36253.157909 24.7792250 0.00000000 0.00000000 0 0 0 0 0 6
211479.8095 37263.173461 7333.639518 0.00000000 0.00000000 0 0 0 0 0 6
213547.4130 34669.890451 3303.806807 0.00000000 0.00000000 0 0 0 0 0 6
215269.6743 33982.546698 832.016910 0.00000000 0.00000000 0 0 0 0 0 6
216807.1404 47944.293118 8490.030497 0.00000000 0.00000000 0 0 0 0 0 6
218175.6159 25518.685667 1333.264043 0.00000000 0.00000000 0 0 0 0 0 6
219851.9244 42353.141514 38.8184060 0.00000000 0.00000000 0 0 0 0 0 6
221438.0726 45305.017772 2790.261242 0.00000000 0.00000000 0 0 0 0 0 6
223827.3328 34238.477016 5650.564018 0.00000000 0.00000000 0 0 0 0 0 6
224508.0298 36002.236131 859.920886 0.00000000 0.00000000 0 0 0 0 0 6
225717.5757 34732.119707 78.8827140 0.00000000 0.00000000 0 0 0 0 0 6
226795.0635 33784.000623 10499.599348 0.00000000 0.00000000 0 0 0 0 0 6
228386.5927 33684.027838 7832.730726 0.00000000 0.00000000 0 0 0 0 0 6
229955.1546 33848.736279 1159.421877 0.00000000 0.00000000 0 0 0 0 0 6
231504.8797 39475.191541 15778.438415 0.00000000 0.00000000 0 0 0 0 0 6
232275.6713 27675.535718 93.9131510 0.00000000 0.00000000 0 0 0 0 0 6
232899.7394 42900.000901 75.6869960 0.00000000 0.00000000 0 0 0 0 0 6
233940.6693 37447.250848 150.087455 0.00000000 0.00000000 0 0 0 0 0 6
235156.2087 25907.033015 5799.216372 0.00000000 0.00000000 0 0 0 0 0 6
235687.0810 36640.064729 4741.378730 0.00000000 0.00000000 0 0 0 0 0 6
238493.8861 52274.281094 14067.555499 0.00000000 0.00000000 0 0 0 0 0 6
240846.1731 29726.402275 5229.772137 0.00000000 0.00000000 0 0 0 0 0 6
242808.6077 40220.187977 14871.526906 0.00000000 0.00000000 0 0 0 0 0 6
244449.7588 30895.742343 213.302433 0.00000000 0.00000000 0 0 0 0 0 6
245542.2850 40663.472347 39.0645600 0.00000000 0.00000000 0 0 0 0 0 6
246159.1461 40610.494545 4590.568780 0.00000000 0.00000000 0 0 0 0 0 6
247247.6520 43016.345269 3767.455237 0.00000000 0.00000000 0 0 0 0 0 6
247773.0455 35373.398708 426.491391 0.00000000 0.00000000 0 0 0 0 0 6
249218.1802 40763.218577 1245.015089 0.00000000 0.00000000 0 0 0 0 0 6
251549.4362 40709.666769 9697.279936 0.00000000 0.00000000 0 0 0 0 0 6
254904.6654 32393.189982 795.101626 0.00000000 0.00000000 0 0 0 0 0 6
256445.7665 35217.835694 1368.364720 0.00000000 0.00000000 0 0 0 0 0 6
258065.6490 44082.482719 20244.488253 0.00000000 0.00000000 0 0 0 0 0 6
259917.0619 46858.340104 8213.757198 0.00000000 0.00000000 0 0 0 0 0 6
260600.8363 27801.539525 12079.687068 0.00000000 0.00000000 0 0 0 0 0 6
262216.2858 38859.578403 3861.173567 0.00000000 0.00000000 0 0 0 0 0 6
262360.3425 37762.998084 68.0334430 0.00000000 0.00000000 0 0 0 0 0 6
262947.9878 33327.558985 1275.468148 0.00000000 0.00000000 0 0 0 0 0 6
264726.5048 32589.977279 239.937915 0.00000000 0.00000000 0 0 0 0 0 6
266027.1469 40406.252815 4.05253600 0.00000000 0.00000000 0 0 0 0 0 6
267123.3116 35046.818555 5138.436095 0.00000000 0.00000000 0 0 0 0 0 6
268586.0190 44266.037478 159.842990 0.00000000 0.00000000 0 0 0 0 0 6
270178.6916 29208.148986 1495.984248 0.00000000 0.00000000 0 0 0 0 0 6
270944.6268 39390.340879 87.1171030 0.00000000 0.00000000 0 0 0 0 0 6
272795.7392 44549.973882 13880.693075 0.00000000 0.00000000 0 0 0 0 0 6
274503.1286 36707.465962 15040.036104 0.00000000 0.00000000 0 0 0 0 0 6
275359.2270 43294.524507 1037.537156 0.00000000 0.00000000 0 0 0 0 0 6
276628.6975 37125.178682 606.933282 0.00000000 0.00000000 0 0 0 0 0 6
278096.6642 35890.101861 1460.616447 0.00000000 0.00000000 0 0 0 0 0 6
280072.1600 35602.081520 146.771015 0.00000000 0.00000000 0 0 0 0 0 6
280780.8317 37678.186138 32093.404433 0.00000000 0.00000000 0 0 0 0 0 6
281316.3956 37403.035009 9100.500595 0.00000000 0.00000000 0 0 0 0 0 6
283752.9477 44278.333720 3337.818156 0.00000000 0.00000000 0 0 0 0 0 6
285937.5868 42862.379354 968.047917 0.00000000 0.00000000 0 0 0 0 0 6
287731.5636 34249.164358 21831.963603 0.00000000 0.00000000 0 0 0 0 0 6
289580.1422 39676.000882 10701.034851 0.00000000 0.00000000 0 0 0 0 0 6
290491.5425 41546.153833 5860.890417 0.00000000 0.00000000 0 0 0 0 0 6
292760.8938 35704.466134 1798.077963 0.00000000 0.00000000 0 0 0 0 0 6
295348.4390 46890.123432 27688.282829 0.00000000 0.00000000 0 0 0 0 0 6
296238.9651 36668.434687 3153.288415 0.00000000 0.00000000 0 0 0 0 0 6
299046.9985 35097.531992 18.8759130 0.00000000 0.00000000 0 0 0 0 0 6
299357.3471 39482.539317 10195.427185 0.00000000 0.00000000 0 0 0 0 0 6
301766.2053 39055.486877 0.96626600 0.00000000 0.00000000 0 0 0 0 0 6
