PARTICLE PAIR INFORMATION
Name=PPair1
     Particle a=neutron
     Mb=  62.929595430598425     Zb= 0     Sb= -1.5

SPIN GROUP INFORMATION
  1      1    0 -1.0       1.0
    1  PPair1      0      -1.0       0.0 6.7000000 6.7000000
  2      1    0 -2.0       1.0
    1  PPair1      0      -2.0       0.0 6.7000000 6.7000000
  3      1    0  0.0       1.0
    1  PPair1      1      -1.0       0.0 6.7000000 6.7000000
  4      2    0  1.0       1.0
    1  PPair1      1      -1.0       0.0 6.7000000 6.7000000
    2  PPair1      1      -2.0       0.0 6.7000000 6.7000000
  5      2    0  2.0       1.0
    1  PPair1      1      -1.0       0.0 6.7000000 6.7000000
    2  PPair1      1      -2.0       0.0 6.7000000 6.7000000
  6      1    0  3.0       1.0
    1  PPair1      1      -2.0       0.0 6.7000000 6.7000000

RESONANCE PARAMETERS
-37843.8100 500.000000 4188397.00                       0 0 0     1
-266.713500 500.000000 5967.95300                       0 0 0     1
650.7223000 500.000000 11.8719900                       0 0 0     1
2047.718000 500.000000 35005.0300                       0 0 0     1
3308.797000 500.000000 22.6778500                       0 0 0     1
3501.424000 500.000000 24.6955200                       0 0 0     1
4395.985000 500.000000 4099.34400                       0 0 0     1
4434.962000 500.000000 31.6614100                       0 0 0     1
4854.599000 500.000000 14174.3100                       0 0 0     1
5398.480000 500.000000 37568.1500                       0 0 0     1
6838.426000 500.000000 211.961500                       0 0 0     1
7563.271000 500.000000 17712.5500                       0 0 0     1
8626.676000 500.000000 191.180200                       0 0 0     1
8647.264000 500.000000 141.365700                       0 0 0     1
9759.164000 500.000000 191.139000                       0 0 0     1
9919.925000 500.000000 88016.0800                       0 0 0     1
10308.96000 500.000000 189.189500                       0 0 0     1
13702.23000 500.000000 43961.4100                       0 0 0     1
15090.58000 500.000000 25347.9500                       0 0 0     1
15805.69000 500.000000 11192.7200                       0 0 0     1
17863.64000 500.000000 93645.8100                       0 0 0     1
18340.37000 500.000000 2.19813800                       0 0 0     1
20389.29000 500.000000 821.424100                       0 0 0     1
20444.08000 500.000000 79.2410500                       0 0 0     1
20919.15000 500.000000 608.817300                       0 0 0     1
21015.53000 500.000000 59661.2500                       0 0 0     1
21522.22000 500.000000 129.549200                       0 0 0     1
23625.45000 500.000000 4397.67300                       0 0 0     1
25748.12000 500.000000 239403.600                       0 0 0     1
29529.59000 500.000000 398161.400                       0 0 0     1
29930.89000 500.000000 13.6310000                       0 0 0     1
30472.25000 500.000000 19326.4300                       0 0 0     1
31395.49000 500.000000 47830.1600                       0 0 0     1
32205.60000 500.000000 15973.6300                       0 0 0     1
35017.79000 500.000000 53.3584100                       0 0 0     1
36149.88000 500.000000 99888.2800                       0 0 0     1
37963.58000 500.000000 37093.4800                       0 0 0     1
39109.76000 500.000000 45.2140200                       0 0 0     1
42541.18000 500.000000 217331.800                       0 0 0     1
44702.45000 500.000000 271.305800                       0 0 0     1
44761.87000 500.000000 69633.5900                       0 0 0     1
45823.63000 500.000000 657.018800                       0 0 0     1
52921.78000 500.000000 753.414000                       0 0 0     1
53744.86000 500.000000 696599.800                       0 0 0     1
55342.94000 500.000000 649136.800                       0 0 0     1
57680.21000 500.000000 15629.8000                       0 0 0     1
59132.02000 500.000000 48729.1200                       0 0 0     1
59440.19000 500.000000 31726.1800                       0 0 0     1
59935.39000 500.000000 31451.5900                       0 0 0     1
64506.39000 500.000000 2070.19600                       0 0 0     1
64989.91000 500.000000 159324.300                       0 0 0     1
66284.36000 500.000000 309839.700                       0 0 0     1
68937.99000 500.000000 24211.2700                       0 0 0     1
69653.90000 500.000000 133335.000                       0 0 0     1
72956.95000 500.000000 528.221500                       0 0 0     1
73686.63000 500.000000 470606.700                       0 0 0     1
74595.01000 500.000000 56868.5600                       0 0 0     1
79148.71000 500.000000 16431.2600                       0 0 0     1
81353.74000 500.000000 21524.8600                       0 0 0     1
81842.44000 500.000000 4423.49900                       0 0 0     1
85924.26000 500.000000 14935.3400                       0 0 0     1
87503.58000 500.000000 35517.5800                       0 0 0     1
87569.87000 500.000000 134.557300                       0 0 0     1
89539.66000 500.000000 25991.4800                       0 0 0     1
90265.56000 500.000000 45687.4700                       0 0 0     1
94687.84000 500.000000 153811.600                       0 0 0     1
95301.52000 500.000000 24542.0900                       0 0 0     1
96887.90000 500.000000 66460.3100                       0 0 0     1
97202.58000 500.000000 1885.33300                       0 0 0     1
98400.58000 500.000000 1734.68900                       0 0 0     1
98536.20000 500.000000 15739.9200                       0 0 0     1
98822.81000 500.000000 13232.6400                       0 0 0     1
101596.0000 500.000000 32634.6000                       0 0 0     1
102675.1000 500.000000 8479.28300                       0 0 0     1
104523.2000 500.000000 13242.7500                       0 0 0     1
105286.3000 500.000000 20836.2400                       0 0 0     1
107127.5000 500.000000 55022.1800                       0 0 0     1
107343.4000 500.000000 174939.600                       0 0 0     1
107735.9000 500.000000 99197.4600                       0 0 0     1
108730.4000 500.000000 397987.000                       0 0 0     1
109612.3000 500.000000 225.479200                       0 0 0     1
114829.0000 500.000000 248952.300                       0 0 0     1
115225.8000 500.000000 8953.84200                       0 0 0     1
116979.8000 500.000000 31935.6900                       0 0 0     1
117251.0000 500.000000 12875.9700                       0 0 0     1
118247.4000 500.000000 328587.700                       0 0 0     1
120059.2000 500.000000 63658.0100                       0 0 0     1
121140.6000 500.000000 41205.7200                       0 0 0     1
124244.2000 500.000000 190427.500                       0 0 0     1
124518.4000 500.000000 256209.600                       0 0 0     1
125351.0000 500.000000 561.028300                       0 0 0     1
125614.6000 500.000000 220252.100                       0 0 0     1
125739.0000 500.000000 28975.8700                       0 0 0     1
126708.2000 500.000000 34796.0200                       0 0 0     1
126911.8000 500.000000 632251.200                       0 0 0     1
129774.4000 500.000000 28098.5000                       0 0 0     1
131352.3000 500.000000 31985.1500                       0 0 0     1
132633.9000 500.000000 2002.47100                       0 0 0     1
133997.0000 500.000000 187889.200                       0 0 0     1
135176.4000 500.000000 357.769100                       0 0 0     1
135335.8000 500.000000 10645.1300                       0 0 0     1
136688.5000 500.000000 392574.600                       0 0 0     1
137710.2000 500.000000 127370.600                       0 0 0     1
137818.7000 500.000000 2813.78100                       0 0 0     1
142964.8000 500.000000 652.242000                       0 0 0     1
145653.4000 500.000000 48804.4900                       0 0 0     1
146031.7000 500.000000 14990.9600                       0 0 0     1
146280.6000 500.000000 1555.36800                       0 0 0     1
148020.1000 500.000000 43135.8000                       0 0 0     1
150974.1000 500.000000 156987.400                       0 0 0     1
151211.1000 500.000000 132086.100                       0 0 0     1
151636.3000 500.000000 2292.96000                       0 0 0     1
152319.8000 500.000000 523.000600                       0 0 0     1
153231.3000 500.000000 399.966000                       0 0 0     1
153359.2000 500.000000 2026.41900                       0 0 0     1
154384.2000 500.000000 193206.700                       0 0 0     1
155448.7000 500.000000 287.380400                       0 0 0     1
155552.7000 500.000000 57051.1100                       0 0 0     1
158373.4000 500.000000 304668.600                       0 0 0     1
161995.9000 500.000000 130512.200                       0 0 0     1
162245.5000 500.000000 623223.800                       0 0 0     1
163039.4000 500.000000 9181.36100                       0 0 0     1
165272.8000 500.000000 22502.2500                       0 0 0     1
166954.3000 500.000000 171172.700                       0 0 0     1
167511.3000 500.000000 92105.6400                       0 0 0     1
167784.2000 500.000000 251135.800                       0 0 0     1
169551.9000 500.000000 102986.600                       0 0 0     1
170532.1000 500.000000 10462.5800                       0 0 0     1
170806.8000 500.000000 898.540600                       0 0 0     1
170970.4000 500.000000 8288.09900                       0 0 0     1
171334.5000 500.000000 22371.0800                       0 0 0     1
172194.0000 500.000000 189.417000                       0 0 0     1
173983.0000 500.000000 48555.0400                       0 0 0     1
174886.1000 500.000000 147709.900                       0 0 0     1
178266.1000 500.000000 463824.100                       0 0 0     1
182020.4000 500.000000 269969.300                       0 0 0     1
183674.7000 500.000000 2405.88600                       0 0 0     1
184913.1000 500.000000 265064.200                       0 0 0     1
189542.9000 500.000000 384730.100                       0 0 0     1
191532.5000 500.000000 327382.200                       0 0 0     1
192284.7000 500.000000 60521.9300                       0 0 0     1
193962.7000 500.000000 51046.5400                       0 0 0     1
196485.1000 500.000000 44633.9900                       0 0 0     1
196802.4000 500.000000 29005.6700                       0 0 0     1
200972.5000 500.000000 473720.300                       0 0 0     1
201605.0000 500.000000 1250168.00                       0 0 0     1
202415.1000 500.000000 2950.43900                       0 0 0     1
205684.8000 500.000000 274589.100                       0 0 0     1
212293.0000 500.000000 179470.400                       0 0 0     1
214124.2000 500.000000 969051.800                       0 0 0     1
214495.4000 500.000000 75801.2200                       0 0 0     1
217514.0000 500.000000 10017.8100                       0 0 0     1
218501.1000 500.000000 150595.000                       0 0 0     1
219801.6000 500.000000 862419.000                       0 0 0     1
225971.0000 500.000000 208113.100                       0 0 0     1
226973.7000 500.000000 53671.9300                       0 0 0     1
228715.5000 500.000000 78729.8900                       0 0 0     1
230792.1000 500.000000 58225.7400                       0 0 0     1
231491.2000 500.000000 466910.400                       0 0 0     1
236013.5000 500.000000 130887.100                       0 0 0     1
237675.3000 500.000000 299576.700                       0 0 0     1
238326.0000 500.000000 29595.1000                       0 0 0     1
239561.7000 500.000000 345167.800                       0 0 0     1
240253.1000 500.000000 332837.100                       0 0 0     1
241559.4000 500.000000 387007.400                       0 0 0     1
242466.7000 500.000000 190594.900                       0 0 0     1
247186.9000 500.000000 2854093.00                       0 0 0     1
248808.3000 500.000000 97621.1000                       0 0 0     1
250169.4000 500.000000 120452.600                       0 0 0     1
258319.1000 500.000000 10475.8200                       0 0 0     1
258658.5000 500.000000 148427.800                       0 0 0     1
262581.2000 500.000000 14662.4900                       0 0 0     1
265622.2000 500.000000 818243.600                       0 0 0     1
270981.8000 500.000000 128264.200                       0 0 0     1
272068.0000 500.000000 44406.7100                       0 0 0     1
274196.5000 500.000000 34359.1900                       0 0 0     1
277307.2000 500.000000 346537.200                       0 0 0     1
280718.6000 500.000000 506573.100                       0 0 0     1
287546.6000 500.000000 382225.500                       0 0 0     1
287972.8000 500.000000 117337.300                       0 0 0     1
290062.2000 500.000000 504641.100                       0 0 0     1
296026.1000 500.000000 66665.7900                       0 0 0     1
297283.2000 500.000000 20610.9900                       0 0 0     1
298937.7000 500.000000 130745.300                       0 0 0     1
301681.7000 500.000000 1336836.00                       0 0 0     1
305287.6000 500.000000 373370.100                       0 0 0     1
305669.4000 500.000000 437050.300                       0 0 0     1
314520.6000 500.000000 4279913.00                       0 0 0     1
323754.1000 500.000000 110865.800                       0 0 0     1
-50977.8900 500.000000 6954203.00                       0 0 0     2
578.0334000 500.000000 667.638900                       0 0 0     2
806.8703000 500.000000 3.05949700                       0 0 0     2
994.3400000 500.000000 9.40450900                       0 0 0     2
2646.904000 500.000000 3734.77200                       0 0 0     2
2857.567000 500.000000 18.9410300                       0 0 0     2
4373.981000 500.000000 14.4775100                       0 0 0     2
5817.881000 500.000000 8615.54400                       0 0 0     2
7945.224000 500.000000 65123.4800                       0 0 0     2
9197.232000 500.000000 44366.9200                       0 0 0     2
9744.536000 500.000000 85.3074700                       0 0 0     2
10825.04000 500.000000 56993.3800                       0 0 0     2
13160.29000 500.000000 77299.0900                       0 0 0     2
15130.32000 500.000000 94.7096100                       0 0 0     2
18121.82000 500.000000 27753.4600                       0 0 0     2
18402.71000 500.000000 .466635300                       0 0 0     2
19497.19000 500.000000 103.211900                       0 0 0     2
21176.41000 500.000000 132.242000                       0 0 0     2
21213.07000 500.000000 144571.200                       0 0 0     2
22808.07000 500.000000 109229.200                       0 0 0     2
24925.01000 500.000000 73415.2300                       0 0 0     2
25776.85000 500.000000 131.540900                       0 0 0     2
26617.28000 500.000000 65860.8900                       0 0 0     2
27483.28000 500.000000 5.79860900                       0 0 0     2
30049.67000 500.000000 4.14999300                       0 0 0     2
30858.28000 500.000000 10.0280300                       0 0 0     2
33249.69000 500.000000 196.917000                       0 0 0     2
33294.63000 500.000000 251696.500                       0 0 0     2
36846.06000 500.000000 90477.4600                       0 0 0     2
42032.31000 500.000000 200522.400                       0 0 0     2
50258.47000 500.000000 69054.9600                       0 0 0     2
54935.17000 500.000000 277384.300                       0 0 0     2
56338.49000 500.000000 74365.2700                       0 0 0     2
58448.29000 500.000000 65239.4000                       0 0 0     2
63018.75000 500.000000 104.881400                       0 0 0     2
63223.94000 500.000000 52765.1000                       0 0 0     2
64587.15000 500.000000 193.019700                       0 0 0     2
64803.42000 500.000000 63.5236200                       0 0 0     2
65326.09000 500.000000 47761.6000                       0 0 0     2
68499.70000 500.000000 62.4275100                       0 0 0     2
71283.54000 500.000000 44657.9600                       0 0 0     2
72200.06000 500.000000 86645.8400                       0 0 0     2
72826.35000 500.000000 469454.000                       0 0 0     2
74669.65000 500.000000 717.648000                       0 0 0     2
75909.87000 500.000000 31832.4600                       0 0 0     2
77988.07000 500.000000 46640.8200                       0 0 0     2
79019.39000 500.000000 70351.3400                       0 0 0     2
81436.67000 500.000000 732880.200                       0 0 0     2
88508.09000 500.000000 148.513300                       0 0 0     2
89990.25000 500.000000 166424.200                       0 0 0     2
90378.65000 500.000000 2038.97500                       0 0 0     2
91303.28000 500.000000 218071.200                       0 0 0     2
92171.31000 500.000000 68525.7600                       0 0 0     2
95236.16000 500.000000 22224.1900                       0 0 0     2
95954.47000 500.000000 183449.500                       0 0 0     2
100932.8000 500.000000 137578.100                       0 0 0     2
101248.5000 500.000000 251833.300                       0 0 0     2
103783.2000 500.000000 195671.100                       0 0 0     2
105059.8000 500.000000 44822.9200                       0 0 0     2
106963.1000 500.000000 338.864400                       0 0 0     2
107397.0000 500.000000 158696.800                       0 0 0     2
108651.6000 500.000000 32639.9100                       0 0 0     2
108833.0000 500.000000 36819.6100                       0 0 0     2
109342.7000 500.000000 273.207500                       0 0 0     2
115612.6000 500.000000 506.435300                       0 0 0     2
118308.7000 500.000000 1723.36500                       0 0 0     2
118907.0000 500.000000 309.206600                       0 0 0     2
119566.0000 500.000000 82483.8100                       0 0 0     2
119703.2000 500.000000 26322.8200                       0 0 0     2
123149.8000 500.000000 549.653900                       0 0 0     2
123422.4000 500.000000 227.644800                       0 0 0     2
125544.0000 500.000000 706.966700                       0 0 0     2
128390.6000 500.000000 409947.400                       0 0 0     2
128733.4000 500.000000 28404.9800                       0 0 0     2
129145.2000 500.000000 8771.76100                       0 0 0     2
129263.9000 500.000000 2371.81300                       0 0 0     2
129664.1000 500.000000 59564.7400                       0 0 0     2
131215.0000 500.000000 165386.700                       0 0 0     2
133128.1000 500.000000 342576.900                       0 0 0     2
133585.6000 500.000000 779.936700                       0 0 0     2
133789.2000 500.000000 52.3663500                       0 0 0     2
136013.4000 500.000000 585127.000                       0 0 0     2
136926.3000 500.000000 600205.300                       0 0 0     2
138249.0000 500.000000 19318.2200                       0 0 0     2
138534.1000 500.000000 2884.07600                       0 0 0     2
138904.4000 500.000000 27584.9400                       0 0 0     2
139103.1000 500.000000 343.041000                       0 0 0     2
140505.0000 500.000000 249685.500                       0 0 0     2
141722.4000 500.000000 171730.800                       0 0 0     2
142065.3000 500.000000 52329.3000                       0 0 0     2
145085.0000 500.000000 61788.6000                       0 0 0     2
145247.1000 500.000000 29807.1300                       0 0 0     2
145850.3000 500.000000 5026.21600                       0 0 0     2
146989.6000 500.000000 453.976200                       0 0 0     2
148327.5000 500.000000 120507.400                       0 0 0     2
149390.9000 500.000000 135655.100                       0 0 0     2
149471.4000 500.000000 1120.03000                       0 0 0     2
151296.8000 500.000000 875.037600                       0 0 0     2
152153.8000 500.000000 76247.8100                       0 0 0     2
153439.9000 500.000000 1153.30900                       0 0 0     2
154478.2000 500.000000 644.818100                       0 0 0     2
155192.0000 500.000000 563338.700                       0 0 0     2
155670.5000 500.000000 599.947500                       0 0 0     2
156373.2000 500.000000 16106.3700                       0 0 0     2
156575.8000 500.000000 37649.3500                       0 0 0     2
156776.3000 500.000000 831.114500                       0 0 0     2
157017.0000 500.000000 234.958400                       0 0 0     2
158066.6000 500.000000 249165.000                       0 0 0     2
160235.5000 500.000000 24778.7900                       0 0 0     2
163360.2000 500.000000 78131.2900                       0 0 0     2
165100.8000 500.000000 26070.5600                       0 0 0     2
165447.1000 500.000000 889.964700                       0 0 0     2
166736.7000 500.000000 105036.200                       0 0 0     2
167144.8000 500.000000 429899.700                       0 0 0     2
168032.5000 500.000000 24743.8200                       0 0 0     2
168967.7000 500.000000 427108.500                       0 0 0     2
169055.3000 500.000000 7477.85900                       0 0 0     2
169230.4000 500.000000 1677.00800                       0 0 0     2
169789.0000 500.000000 313422.700                       0 0 0     2
170261.6000 500.000000 11485.7000                       0 0 0     2
172776.8000 500.000000 847.872200                       0 0 0     2
173063.9000 500.000000 2154.34700                       0 0 0     2
173271.9000 500.000000 2349.66600                       0 0 0     2
174450.4000 500.000000 19440.3400                       0 0 0     2
174650.3000 500.000000 6269.95000                       0 0 0     2
176097.3000 500.000000 376220.000                       0 0 0     2
176342.1000 500.000000 750.352300                       0 0 0     2
176629.7000 500.000000 4492.59700                       0 0 0     2
176802.4000 500.000000 4973.53300                       0 0 0     2
177292.9000 500.000000 11850.3700                       0 0 0     2
177592.8000 500.000000 6725.94900                       0 0 0     2
177867.9000 500.000000 27301.6800                       0 0 0     2
178738.5000 500.000000 35384.7000                       0 0 0     2
179784.4000 500.000000 6742.36700                       0 0 0     2
180934.4000 500.000000 133963.700                       0 0 0     2
181077.4000 500.000000 250731.600                       0 0 0     2
181496.9000 500.000000 1190.75000                       0 0 0     2
182210.7000 500.000000 24370.4600                       0 0 0     2
182818.3000 500.000000 15041.2200                       0 0 0     2
184365.0000 500.000000 500002.800                       0 0 0     2
184633.6000 500.000000 3368.63400                       0 0 0     2
185225.3000 500.000000 28895.1000                       0 0 0     2
185458.2000 500.000000 17416.6300                       0 0 0     2
186532.1000 500.000000 12205.3800                       0 0 0     2
186838.0000 500.000000 93919.6900                       0 0 0     2
187041.6000 500.000000 39994.9100                       0 0 0     2
187299.8000 500.000000 129724.900                       0 0 0     2
189002.3000 500.000000 1349.97700                       0 0 0     2
189985.8000 500.000000 54444.5400                       0 0 0     2
191912.8000 500.000000 5038.42800                       0 0 0     2
192769.7000 500.000000 481546.000                       0 0 0     2
193334.0000 500.000000 14816.4400                       0 0 0     2
194124.4000 500.000000 400205.200                       0 0 0     2
194463.1000 500.000000 391970.200                       0 0 0     2
194609.5000 500.000000 199178.600                       0 0 0     2
194803.6000 500.000000 30440.4900                       0 0 0     2
195169.2000 500.000000 10338.6600                       0 0 0     2
196075.2000 500.000000 2032.30400                       0 0 0     2
196456.4000 500.000000 517349.900                       0 0 0     2
197498.4000 500.000000 9731.12900                       0 0 0     2
198094.1000 500.000000 15361.1700                       0 0 0     2
198353.5000 500.000000 46022.0400                       0 0 0     2
199492.1000 500.000000 6337.89400                       0 0 0     2
200541.4000 500.000000 1274.00500                       0 0 0     2
201233.0000 500.000000 321556.800                       0 0 0     2
201353.5000 500.000000 92135.3800                       0 0 0     2
202182.8000 500.000000 13929.0500                       0 0 0     2
202484.7000 500.000000 2176.10600                       0 0 0     2
202648.7000 500.000000 98372.3700                       0 0 0     2
202844.8000 500.000000 97181.0800                       0 0 0     2
203135.8000 500.000000 42007.2300                       0 0 0     2
203472.9000 500.000000 9423.81400                       0 0 0     2
203862.6000 500.000000 5696.05100                       0 0 0     2
204401.0000 500.000000 35311.6800                       0 0 0     2
204726.3000 500.000000 33501.7000                       0 0 0     2
205167.4000 500.000000 80337.7300                       0 0 0     2
205766.3000 500.000000 462.472100                       0 0 0     2
206153.6000 500.000000 22003.8900                       0 0 0     2
206602.3000 500.000000 2415.90100                       0 0 0     2
207551.6000 500.000000 1198.37000                       0 0 0     2
208444.4000 500.000000 31709.1600                       0 0 0     2
209237.2000 500.000000 37506.0900                       0 0 0     2
209656.6000 500.000000 15173.4100                       0 0 0     2
211629.5000 500.000000 40868.0800                       0 0 0     2
212494.0000 500.000000 188779.900                       0 0 0     2
212740.6000 500.000000 52524.6300                       0 0 0     2
212929.8000 500.000000 26553.8600                       0 0 0     2
212990.5000 500.000000 1604.48300                       0 0 0     2
213349.0000 500.000000 21604.3800                       0 0 0     2
214464.9000 500.000000 56160.6000                       0 0 0     2
215016.8000 500.000000 68270.1400                       0 0 0     2
215995.9000 500.000000 111693.100                       0 0 0     2
217132.2000 500.000000 8086.43000                       0 0 0     2
217410.4000 500.000000 403142.800                       0 0 0     2
217586.2000 500.000000 20989.7800                       0 0 0     2
218695.8000 500.000000 49091.8400                       0 0 0     2
220550.7000 500.000000 1016.72000                       0 0 0     2
221225.3000 500.000000 2929.69700                       0 0 0     2
221887.3000 500.000000 1245.80400                       0 0 0     2
222202.3000 500.000000 41068.1800                       0 0 0     2
222761.7000 500.000000 2118.18800                       0 0 0     2
223046.0000 500.000000 35768.9600                       0 0 0     2
223329.6000 500.000000 40826.4500                       0 0 0     2
223512.8000 500.000000 41743.5200                       0 0 0     2
224633.6000 500.000000 485971.000                       0 0 0     2
224804.0000 500.000000 15411.6900                       0 0 0     2
225066.5000 500.000000 4705.63100                       0 0 0     2
225416.0000 500.000000 2031.29800                       0 0 0     2
225763.0000 500.000000 969.693300                       0 0 0     2
227123.7000 500.000000 596.192100                       0 0 0     2
227718.0000 500.000000 2253.69800                       0 0 0     2
227988.4000 500.000000 3463.01500                       0 0 0     2
228348.3000 500.000000 450653.300                       0 0 0     2
229422.5000 500.000000 4865.21900                       0 0 0     2
230234.8000 500.000000 42272.3300                       0 0 0     2
230508.6000 500.000000 76287.8100                       0 0 0     2
231711.2000 500.000000 3744.46900                       0 0 0     2
232451.9000 500.000000 3456.46000                       0 0 0     2
232984.2000 500.000000 729941.200                       0 0 0     2
233421.1000 500.000000 37474.2800                       0 0 0     2
233570.1000 500.000000 8867.53100                       0 0 0     2
233682.5000 500.000000 30938.6500                       0 0 0     2
233917.8000 500.000000 23640.6000                       0 0 0     2
234432.9000 500.000000 17628.1500                       0 0 0     2
234937.6000 500.000000 14411.3000                       0 0 0     2
235349.4000 500.000000 9247.56600                       0 0 0     2
235858.5000 500.000000 2310.59000                       0 0 0     2
236371.1000 500.000000 26324.5100                       0 0 0     2
236886.3000 500.000000 10749.3400                       0 0 0     2
237389.3000 500.000000 40344.6500                       0 0 0     2
237921.0000 500.000000 43726.3400                       0 0 0     2
238038.4000 500.000000 7086.64700                       0 0 0     2
238692.4000 500.000000 11028.4700                       0 0 0     2
239451.2000 500.000000 6367.09800                       0 0 0     2
239911.1000 500.000000 72514.6400                       0 0 0     2
240151.0000 500.000000 2619.68900                       0 0 0     2
240250.4000 500.000000 2195.25600                       0 0 0     2
240775.2000 500.000000 14163.9500                       0 0 0     2
241207.9000 500.000000 10904.5200                       0 0 0     2
241919.3000 500.000000 19371.5800                       0 0 0     2
242144.7000 500.000000 19378.7100                       0 0 0     2
242565.7000 500.000000 1960.13300                       0 0 0     2
243136.3000 500.000000 8882.48700                       0 0 0     2
243708.0000 500.000000 18735.5100                       0 0 0     2
244023.7000 500.000000 16578.2200                       0 0 0     2
244287.7000 500.000000 17701.6100                       0 0 0     2
244464.4000 500.000000 54894.4100                       0 0 0     2
244869.3000 500.000000 22049.4700                       0 0 0     2
245291.9000 500.000000 5213.31500                       0 0 0     2
246048.6000 500.000000 731.110200                       0 0 0     2
246434.7000 500.000000 2516.62000                       0 0 0     2
247211.6000 500.000000 16969.0200                       0 0 0     2
247676.7000 500.000000 3584.78600                       0 0 0     2
248024.8000 500.000000 75496.7300                       0 0 0     2
248815.1000 500.000000 522.007300                       0 0 0     2
249424.7000 500.000000 2688.52700                       0 0 0     2
250030.0000 500.000000 115888.800                       0 0 0     2
250436.3000 500.000000 1651.15600                       0 0 0     2
250648.7000 500.000000 33995.7000                       0 0 0     2
250981.0000 500.000000 28329.8200                       0 0 0     2
251309.0000 500.000000 7625.27700                       0 0 0     2
251907.4000 500.000000 5480.09900                       0 0 0     2
253504.8000 500.000000 3564.06100                       0 0 0     2
253788.5000 500.000000 43039.6400                       0 0 0     2
254684.6000 500.000000 59434.8700                       0 0 0     2
255059.3000 500.000000 31240.4200                       0 0 0     2
255479.5000 500.000000 9879.74900                       0 0 0     2
255858.4000 500.000000 27129.3800                       0 0 0     2
256981.1000 500.000000 36761.4400                       0 0 0     2
257437.5000 500.000000 5801.46400                       0 0 0     2
258113.4000 500.000000 23204.5000                       0 0 0     2
258324.6000 500.000000 3256.20700                       0 0 0     2
259430.1000 500.000000 20061.8700                       0 0 0     2
260041.7000 500.000000 28023.1000                       0 0 0     2
260766.0000 500.000000 11213.9500                       0 0 0     2
261005.0000 500.000000 45420.4800                       0 0 0     2
261285.8000 500.000000 84993.7800                       0 0 0     2
261994.9000 500.000000 4524.52200                       0 0 0     2
262059.4000 500.000000 1434.94400                       0 0 0     2
263406.9000 500.000000 34576.9900                       0 0 0     2
263600.0000 500.000000 3577.60100                       0 0 0     2
264172.6000 500.000000 29052.7900                       0 0 0     2
265184.9000 500.000000 17383.2300                       0 0 0     2
265698.1000 500.000000 19716.2900                       0 0 0     2
266192.3000 500.000000 9518.69400                       0 0 0     2
266327.1000 500.000000 8272.52100                       0 0 0     2
266811.2000 500.000000 36433.1100                       0 0 0     2
266828.1000 500.000000 22572.2100                       0 0 0     2
267707.7000 500.000000 40226.2100                       0 0 0     2
268233.4000 500.000000 71237.2600                       0 0 0     2
268289.1000 500.000000 16521.3900                       0 0 0     2
268669.2000 500.000000 20684.3000                       0 0 0     2
269149.3000 500.000000 31066.2200                       0 0 0     2
269354.6000 500.000000 53941.1300                       0 0 0     2
269551.7000 500.000000 22149.3200                       0 0 0     2
270358.2000 500.000000 5839.58900                       0 0 0     2
271517.0000 500.000000 6102.47700                       0 0 0     2
271946.5000 500.000000 596914.100                       0 0 0     2
272515.3000 500.000000 30326.4000                       0 0 0     2
273258.7000 500.000000 7047.64600                       0 0 0     2
273520.3000 500.000000 9399.60700                       0 0 0     2
273754.3000 500.000000 2301.42300                       0 0 0     2
274227.1000 500.000000 1715.61900                       0 0 0     2
275428.2000 500.000000 6575.27900                       0 0 0     2
276012.9000 500.000000 44908.7000                       0 0 0     2
276026.8000 500.000000 15371.6600                       0 0 0     2
276573.4000 500.000000 11658.7100                       0 0 0     2
277280.6000 500.000000 57725.2200                       0 0 0     2
277466.2000 500.000000 2052.65100                       0 0 0     2
277830.2000 500.000000 718.557800                       0 0 0     2
278380.3000 500.000000 29015.4600                       0 0 0     2
278586.9000 500.000000 8633.02200                       0 0 0     2
279008.0000 500.000000 4908.02100                       0 0 0     2
279457.4000 500.000000 34979.9100                       0 0 0     2
280170.5000 500.000000 48650.7200                       0 0 0     2
281231.7000 500.000000 108524.700                       0 0 0     2
281434.2000 500.000000 111126.400                       0 0 0     2
281670.7000 500.000000 69587.7200                       0 0 0     2
282239.2000 500.000000 6001.27200                       0 0 0     2
283383.4000 500.000000 214088.900                       0 0 0     2
283842.0000 500.000000 1323943.00                       0 0 0     2
284239.6000 500.000000 1060293.00                       0 0 0     2
284660.3000 500.000000 55417.0000                       0 0 0     2
285336.1000 500.000000 42885.7100                       0 0 0     2
285786.6000 500.000000 4136.21700                       0 0 0     2
286009.9000 500.000000 13464.7200                       0 0 0     2
286309.6000 500.000000 5336.54000                       0 0 0     2
286938.3000 500.000000 3424.34800                       0 0 0     2
287823.2000 500.000000 122659.400                       0 0 0     2
288420.4000 500.000000 17918.0000                       0 0 0     2
289007.1000 500.000000 6597.27200                       0 0 0     2
289166.0000 500.000000 6171.13000                       0 0 0     2
289598.5000 500.000000 37500.7400                       0 0 0     2
290221.0000 500.000000 8524.93700                       0 0 0     2
290787.8000 500.000000 15177.8800                       0 0 0     2
290800.1000 500.000000 580.874600                       0 0 0     2
291185.5000 500.000000 101453.900                       0 0 0     2
291505.0000 500.000000 14940.9300                       0 0 0     2
292265.1000 500.000000 495853.600                       0 0 0     2
292659.9000 500.000000 144174.400                       0 0 0     2
293030.9000 500.000000 92070.3700                       0 0 0     2
293462.4000 500.000000 108967.000                       0 0 0     2
294103.3000 500.000000 4964.92300                       0 0 0     2
294619.7000 500.000000 754057.200                       0 0 0     2
295109.0000 500.000000 46515.2800                       0 0 0     2
295807.3000 500.000000 6678.53700                       0 0 0     2
296608.6000 500.000000 6287.89900                       0 0 0     2
296690.0000 500.000000 6468.26700                       0 0 0     2
297241.8000 500.000000 1588847.00                       0 0 0     2
298451.8000 500.000000 5277.90400                       0 0 0     2
299408.8000 500.000000 11374.0900                       0 0 0     2
299923.1000 500.000000 15599.0400                       0 0 0     2
300255.2000 500.000000 1096292.00                       0 0 0     2
306414.8000 500.000000 27990.1200                       0 0 0     2
316833.2000 500.000000 316459.100                       0 0 0     2
331673.5000 500.000000 45905590.0                       0 0 0     2
2215.708000 260.000000 79.2816100                       0 0 0     3
5249.374000 260.000000 42.1063700                       0 0 0     3
5502.849000 260.000000 9.28316600                       0 0 0     3
12599.25000 260.000000 3.39383100                       0 0 0     3
13049.97000 260.000000 303.773400                       0 0 0     3
13499.75000 260.000000 .260295800                       0 0 0     3
15898.70000 260.000000 4549.92400                       0 0 0     3
16592.31000 260.000000 7117.45700                       0 0 0     3
17296.47000 260.000000 514.029500                       0 0 0     3
23510.40000 260.000000 388.970200                       0 0 0     3
23608.36000 260.000000 1715.21900                       0 0 0     3
24334.67000 260.000000 9877.32000                       0 0 0     3
26847.08000 260.000000 .993831800                       0 0 0     3
27016.54000 260.000000 4338.40000                       0 0 0     3
30195.84000 260.000000 1766.39400                       0 0 0     3
32305.73000 260.000000 10617.0300                       0 0 0     3
34723.53000 260.000000 35360.4700                       0 0 0     3
38744.14000 260.000000 467.176600                       0 0 0     3
39767.35000 260.000000 1060.39300                       0 0 0     3
46253.00000 260.000000 1964.26100                       0 0 0     3
53941.17000 260.000000 5773.68900                       0 0 0     3
54063.16000 260.000000 7454.12400                       0 0 0     3
55011.76000 260.000000 1709.69900                       0 0 0     3
55488.00000 260.000000 1884.96400                       0 0 0     3
55588.00000 260.000000 15430.7900                       0 0 0     3
55599.18000 260.000000 4323.71400                       0 0 0     3
58144.16000 260.000000 2980.69600                       0 0 0     3
64861.81000 260.000000 128732.100                       0 0 0     3
76076.64000 260.000000 6408.62900                       0 0 0     3
76155.05000 260.000000 161988.600                       0 0 0     3
77645.98000 260.000000 5115.25500                       0 0 0     3
77873.93000 260.000000 25619.5900                       0 0 0     3
78080.19000 260.000000 4424.07800                       0 0 0     3
81311.81000 260.000000 47232.4500                       0 0 0     3
84174.16000 260.000000 3291.98900                       0 0 0     3
92094.52000 260.000000 148595.300                       0 0 0     3
98300.20000 260.000000 131456.000                       0 0 0     3
109013.8000 260.000000 7415.67300                       0 0 0     3
125419.1000 260.000000 276679.100                       0 0 0     3
135571.7000 260.000000 220441.800                       0 0 0     3
152800.8000 260.000000 1729602.00                       0 0 0     3
226182.0000 260.000000 1430.70500                       0 0 0     3
227287.2000 260.000000 817.873200                       0 0 0     3
235065.0000 260.000000 781340.500                       0 0 0     3
260236.7000 260.000000 1509582.00                       0 0 0     3
3811.081000 260.000000 2.43011300  0.0000               0 0 0 0   4
5083.007000 260.000000 1.35255800  0.0000               0 0 0 0   4
5382.353000 260.000000 24991.5500  0.0000               0 0 0 0   4
7082.479000 260.000000 2239.44000  0.0000               0 0 0 0   4
12884.32000 260.000000 2088.21900  0.0000               0 0 0 0   4
12946.47000 260.000000 163.226300  0.0000               0 0 0 0   4
14052.01000 260.000000 654.345100  0.0000               0 0 0 0   4
14568.54000 260.000000 2929.31100  0.0000               0 0 0 0   4
14848.62000 260.000000 17.4225800  0.0000               0 0 0 0   4
15821.19000 260.000000 15501.1500  0.0000               0 0 0 0   4
17811.82000 260.000000 72.4089900  0.0000               0 0 0 0   4
19813.81000 260.000000 3773.64200  0.0000               0 0 0 0   4
21699.01000 260.000000 52.6651500  0.0000               0 0 0 0   4
22044.87000 260.000000 4071.75200  0.0000               0 0 0 0   4
23101.43000 260.000000 1411.88600  0.0000               0 0 0 0   4
23344.92000 260.000000 3197.26600  0.0000               0 0 0 0   4
23872.89000 260.000000 4192.04300  0.0000               0 0 0 0   4
25203.64000 260.000000 4193.76600  0.0000               0 0 0 0   4
26053.07000 260.000000 278.167600  0.0000               0 0 0 0   4
26419.58000 260.000000 408.992800  0.0000               0 0 0 0   4
27206.96000 260.000000 5540.32000  0.0000               0 0 0 0   4
27863.54000 260.000000 481.950200  0.0000               0 0 0 0   4
28100.71000 260.000000 361.193900  0.0000               0 0 0 0   4
28627.89000 260.000000 952.493000  0.0000               0 0 0 0   4
29092.75000 260.000000 452.163600  0.0000               0 0 0 0   4
30776.09000 260.000000 121.874300  0.0000               0 0 0 0   4
31224.15000 260.000000 553.039200  0.0000               0 0 0 0   4
32344.41000 260.000000 2635.48600  0.0000               0 0 0 0   4
34050.71000 260.000000 324.968800  0.0000               0 0 0 0   4
34073.63000 260.000000 11023.3700  0.0000               0 0 0 0   4
34763.68000 260.000000 287.576000  0.0000               0 0 0 0   4
35269.22000 260.000000 131.581000  0.0000               0 0 0 0   4
35468.91000 260.000000 305.040300  0.0000               0 0 0 0   4
35761.30000 260.000000 4380.13300  0.0000               0 0 0 0   4
38419.77000 260.000000 3038.12200  0.0000               0 0 0 0   4
38683.21000 260.000000 4781.51700  0.0000               0 0 0 0   4
39337.64000 260.000000 3670.90600  0.0000               0 0 0 0   4
40944.93000 260.000000 2947.30500  0.0000               0 0 0 0   4
42245.21000 260.000000 42.1623200  0.0000               0 0 0 0   4
42346.84000 260.000000 369.556000  0.0000               0 0 0 0   4
43731.63000 260.000000 2856.10500  0.0000               0 0 0 0   4
43904.12000 260.000000 10086.0500  0.0000               0 0 0 0   4
44056.66000 260.000000 7931.21300  0.0000               0 0 0 0   4
45037.83000 260.000000 197.088400  0.0000               0 0 0 0   4
45561.39000 260.000000 1277.47300  0.0000               0 0 0 0   4
45595.29000 260.000000 1027.73800  0.0000               0 0 0 0   4
46339.10000 260.000000 89.9348200  0.0000               0 0 0 0   4
47705.46000 260.000000 1036.00600  0.0000               0 0 0 0   4
47771.86000 260.000000 49458.2600  0.0000               0 0 0 0   4
47974.98000 260.000000 185.788300  0.0000               0 0 0 0   4
48187.41000 260.000000 6659.46000  0.0000               0 0 0 0   4
48346.45000 260.000000 160.880500  0.0000               0 0 0 0   4
48647.30000 260.000000 381.941500  0.0000               0 0 0 0   4
49383.76000 260.000000 956.719400  0.0000               0 0 0 0   4
49996.03000 260.000000 2505.96700  0.0000               0 0 0 0   4
50249.18000 260.000000 918.892900  0.0000               0 0 0 0   4
50618.78000 260.000000 201.005300  0.0000               0 0 0 0   4
50990.20000 260.000000 75.1448700  0.0000               0 0 0 0   4
51964.27000 260.000000 55.6611700  0.0000               0 0 0 0   4
52520.37000 260.000000 1067.37300  0.0000               0 0 0 0   4
53778.24000 260.000000 2252.66700  0.0000               0 0 0 0   4
55782.41000 260.000000 38785.6900  0.0000               0 0 0 0   4
55894.68000 260.000000 47.6785700  0.0000               0 0 0 0   4
56341.30000 260.000000 1732.17100  0.0000               0 0 0 0   4
57274.45000 260.000000 7014.98500  0.0000               0 0 0 0   4
57773.24000 260.000000 577.025400  0.0000               0 0 0 0   4
59992.23000 260.000000 247.853900  0.0000               0 0 0 0   4
60608.75000 260.000000 4082.10400  0.0000               0 0 0 0   4
61625.77000 260.000000 7430.57500  0.0000               0 0 0 0   4
62236.94000 260.000000 5540.05800  0.0000               0 0 0 0   4
62691.21000 260.000000 10273.3300  0.0000               0 0 0 0   4
65206.18000 260.000000 17315.8800  0.0000               0 0 0 0   4
66734.81000 260.000000 8647.97800  0.0000               0 0 0 0   4
67323.48000 260.000000 10714.5100  0.0000               0 0 0 0   4
70565.59000 260.000000 14944.4800  0.0000               0 0 0 0   4
71371.81000 260.000000 8674.55400  0.0000               0 0 0 0   4
71869.90000 260.000000 4007.21900  0.0000               0 0 0 0   4
73562.27000 260.000000 926.222700  0.0000               0 0 0 0   4
73807.16000 260.000000 3473.76200  0.0000               0 0 0 0   4
74168.24000 260.000000 10374.7000  0.0000               0 0 0 0   4
75751.13000 260.000000 1167.19400  0.0000               0 0 0 0   4
75994.03000 260.000000 543.261500  0.0000               0 0 0 0   4
77513.14000 260.000000 15068.0100  0.0000               0 0 0 0   4
82155.67000 260.000000 4970.62500  0.0000               0 0 0 0   4
83472.47000 260.000000 119.760600  0.0000               0 0 0 0   4
83563.61000 260.000000 7890.21900  0.0000               0 0 0 0   4
83817.62000 260.000000 12454.4300  0.0000               0 0 0 0   4
84486.46000 260.000000 44202.6400  0.0000               0 0 0 0   4
85285.77000 260.000000 241.176700  0.0000               0 0 0 0   4
85419.84000 260.000000 407.677600  0.0000               0 0 0 0   4
85691.21000 260.000000 706.487300  0.0000               0 0 0 0   4
88180.14000 260.000000 100.008300  0.0000               0 0 0 0   4
88898.18000 260.000000 6492.53100  0.0000               0 0 0 0   4
89712.01000 260.000000 110518.700  0.0000               0 0 0 0   4
89856.23000 260.000000 7608.76100  0.0000               0 0 0 0   4
89862.84000 260.000000 63274.7700  0.0000               0 0 0 0   4
92522.85000 260.000000 15689.8900  0.0000               0 0 0 0   4
93026.97000 260.000000 20155.6500  0.0000               0 0 0 0   4
93234.57000 260.000000 37966.4300  0.0000               0 0 0 0   4
94947.22000 260.000000 17875.5100  0.0000               0 0 0 0   4
95142.18000 260.000000 24643.9400  0.0000               0 0 0 0   4
95556.14000 260.000000 34045.8300  0.0000               0 0 0 0   4
96511.78000 260.000000 7306.29700  0.0000               0 0 0 0   4
96912.05000 260.000000 2937.27800  0.0000               0 0 0 0   4
97990.78000 260.000000 400.420600  0.0000               0 0 0 0   4
99315.89000 260.000000 9864.39800  0.0000               0 0 0 0   4
101488.4000 260.000000 7799.88500  0.0000               0 0 0 0   4
102091.7000 260.000000 25211.3800  0.0000               0 0 0 0   4
103233.4000 260.000000 29063.2000  0.0000               0 0 0 0   4
105053.8000 260.000000 63031.9400  0.0000               0 0 0 0   4
107354.3000 260.000000 28832.2600  0.0000               0 0 0 0   4
107603.4000 260.000000 116582.700  0.0000               0 0 0 0   4
110031.0000 260.000000 245.328400  0.0000               0 0 0 0   4
111091.5000 260.000000 13221.0700  0.0000               0 0 0 0   4
111327.4000 260.000000 26449.2300  0.0000               0 0 0 0   4
112057.2000 260.000000 103492.700  0.0000               0 0 0 0   4
112555.6000 260.000000 1407.01900  0.0000               0 0 0 0   4
113293.9000 260.000000 13923.1100  0.0000               0 0 0 0   4
114018.1000 260.000000 31593.9500  0.0000               0 0 0 0   4
120390.2000 260.000000 6685.01800  0.0000               0 0 0 0   4
122869.4000 260.000000 755.460400  0.0000               0 0 0 0   4
124003.5000 260.000000 315720.900  0.0000               0 0 0 0   4
127981.7000 260.000000 9163.63300  0.0000               0 0 0 0   4
128165.2000 260.000000 3370.15700  0.0000               0 0 0 0   4
128263.3000 260.000000 54297.3100  0.0000               0 0 0 0   4
129526.7000 260.000000 10631.2700  0.0000               0 0 0 0   4
130526.2000 260.000000 16730.0200  0.0000               0 0 0 0   4
133419.2000 260.000000 13871.1000  0.0000               0 0 0 0   4
135804.4000 260.000000 194748.700  0.0000               0 0 0 0   4
140098.8000 260.000000 23889.4500  0.0000               0 0 0 0   4
143204.0000 260.000000 11616.5800  0.0000               0 0 0 0   4
144198.3000 260.000000 52916.1200  0.0000               0 0 0 0   4
146639.5000 260.000000 3243.14800  0.0000               0 0 0 0   4
148642.7000 260.000000 615.251900  0.0000               0 0 0 0   4
152708.3000 260.000000 45928.5400  0.0000               0 0 0 0   4
153583.3000 260.000000 5015.80100  0.0000               0 0 0 0   4
175727.7000 260.000000 23660.7000  0.0000               0 0 0 0   4
189455.1000 260.000000 626.419100  0.0000               0 0 0 0   4
191507.7000 260.000000 1723.12500  0.0000               0 0 0 0   4
203381.3000 260.000000 1028.44800  0.0000               0 0 0 0   4
203836.5000 260.000000 543.565600  0.0000               0 0 0 0   4
206132.4000 260.000000 89644.8000  0.0000               0 0 0 0   4
208385.2000 260.000000 3665.42900  0.0000               0 0 0 0   4
216580.2000 260.000000 75777.0900  0.0000               0 0 0 0   4
219022.3000 260.000000 102252.400  0.0000               0 0 0 0   4
236455.3000 260.000000 626.492500  0.0000               0 0 0 0   4
245394.9000 260.000000 370936.500  0.0000               0 0 0 0   4
247121.8000 260.000000 482292.500  0.0000               0 0 0 0   4
252864.5000 260.000000 29297.1400  0.0000               0 0 0 0   4
256225.0000 260.000000 46109.7300  0.0000               0 0 0 0   4
264127.8000 260.000000 96073.9000  0.0000               0 0 0 0   4
266487.9000 260.000000 929564.100  0.0000               0 0 0 0   4
267244.4000 260.000000 84394.5700  0.0000               0 0 0 0   4
278570.9000 260.000000 1480908.00  0.0000               0 0 0 0   4
280413.1000 260.000000 218194.800  0.0000               0 0 0 0   4
286526.9000 260.000000 1485.89000  0.0000               0 0 0 0   4
10541.24000 260.000000 7.03138900  0.0000               0 0 0 0   5
10629.33000 260.000000 9.53805300  0.0000               0 0 0 0   5
12529.96000 260.000000 6904.96200  0.0000               0 0 0 0   5
14434.08000 260.000000 13.8763800  0.0000               0 0 0 0   5
16075.78000 260.000000 731.271900  0.0000               0 0 0 0   5
19366.33000 260.000000 11.1682300  0.0000               0 0 0 0   5
21742.52000 260.000000 1546.00100  0.0000               0 0 0 0   5
23294.19000 260.000000 650.230800  0.0000               0 0 0 0   5
28760.79000 260.000000 38.8687200  0.0000               0 0 0 0   5
31158.18000 260.000000 538.301600  0.0000               0 0 0 0   5
32864.50000 260.000000 541.460800  0.0000               0 0 0 0   5
34272.43000 260.000000 823.629700  0.0000               0 0 0 0   5
34450.46000 260.000000 1430.94800  0.0000               0 0 0 0   5
39405.14000 260.000000 8502.54900  0.0000               0 0 0 0   5
40615.27000 260.000000 24627.5100  0.0000               0 0 0 0   5
41437.65000 260.000000 60.3922500  0.0000               0 0 0 0   5
42133.71000 260.000000 176.342800  0.0000               0 0 0 0   5
42553.93000 260.000000 260.189100  0.0000               0 0 0 0   5
44082.67000 260.000000 272.503500  0.0000               0 0 0 0   5
45157.48000 260.000000 8792.29200  0.0000               0 0 0 0   5
48244.32000 260.000000 520.585800  0.0000               0 0 0 0   5
52160.67000 260.000000 221.034700  0.0000               0 0 0 0   5
55544.62000 260.000000 25215.0600  0.0000               0 0 0 0   5
57137.21000 260.000000 191.173100  0.0000               0 0 0 0   5
57635.93000 260.000000 10506.1800  0.0000               0 0 0 0   5
58812.30000 260.000000 1419.08600  0.0000               0 0 0 0   5
60477.35000 260.000000 12259.5100  0.0000               0 0 0 0   5
61276.72000 260.000000 97.2397700  0.0000               0 0 0 0   5
62070.80000 260.000000 7171.97600  0.0000               0 0 0 0   5
68119.16000 260.000000 10153.6900  0.0000               0 0 0 0   5
69039.86000 260.000000 2708.30000  0.0000               0 0 0 0   5
69925.05000 260.000000 8884.29100  0.0000               0 0 0 0   5
70035.78000 260.000000 2527.31300  0.0000               0 0 0 0   5
70616.46000 260.000000 143.220100  0.0000               0 0 0 0   5
74850.94000 260.000000 13874.3200  0.0000               0 0 0 0   5
75604.96000 260.000000 1442.96700  0.0000               0 0 0 0   5
76240.64000 260.000000 1096.94000  0.0000               0 0 0 0   5
77736.72000 260.000000 5587.45000  0.0000               0 0 0 0   5
79205.86000 260.000000 5560.54700  0.0000               0 0 0 0   5
79428.03000 260.000000 261.563500  0.0000               0 0 0 0   5
79561.03000 260.000000 1795.66000  0.0000               0 0 0 0   5
80792.21000 260.000000 2124.36700  0.0000               0 0 0 0   5
81353.75000 260.000000 27670.7300  0.0000               0 0 0 0   5
82876.10000 260.000000 11988.0200  0.0000               0 0 0 0   5
83163.56000 260.000000 7841.33200  0.0000               0 0 0 0   5
85199.14000 260.000000 1616.24500  0.0000               0 0 0 0   5
85489.43000 260.000000 64.2129000  0.0000               0 0 0 0   5
85850.21000 260.000000 16985.3400  0.0000               0 0 0 0   5
87366.79000 260.000000 28254.5800  0.0000               0 0 0 0   5
88054.14000 260.000000 6299.18300  0.0000               0 0 0 0   5
89063.64000 260.000000 235.226500  0.0000               0 0 0 0   5
90906.66000 260.000000 630.187200  0.0000               0 0 0 0   5
94024.30000 260.000000 503.781000  0.0000               0 0 0 0   5
95823.75000 260.000000 19285.7000  0.0000               0 0 0 0   5
97048.64000 260.000000 161.541600  0.0000               0 0 0 0   5
97869.17000 260.000000 12442.3100  0.0000               0 0 0 0   5
99381.27000 260.000000 305.308200  0.0000               0 0 0 0   5
99600.91000 260.000000 167.976800  0.0000               0 0 0 0   5
100292.2000 260.000000 1122.33300  0.0000               0 0 0 0   5
100569.5000 260.000000 11701.2600  0.0000               0 0 0 0   5
101069.4000 260.000000 24141.1800  0.0000               0 0 0 0   5
102520.4000 260.000000 36556.0900  0.0000               0 0 0 0   5
105971.3000 260.000000 248.763000  0.0000               0 0 0 0   5
106199.4000 260.000000 395.595400  0.0000               0 0 0 0   5
108380.5000 260.000000 84.7865600  0.0000               0 0 0 0   5
109180.9000 260.000000 8571.06100  0.0000               0 0 0 0   5
113164.7000 260.000000 13832.3100  0.0000               0 0 0 0   5
113518.9000 260.000000 7734.49000  0.0000               0 0 0 0   5
113679.3000 260.000000 8002.42900  0.0000               0 0 0 0   5
113870.3000 260.000000 816.110600  0.0000               0 0 0 0   5
116019.9000 260.000000 11412.3000  0.0000               0 0 0 0   5
121702.4000 260.000000 15669.4600  0.0000               0 0 0 0   5
121852.7000 260.000000 2407.94900  0.0000               0 0 0 0   5
122373.8000 260.000000 13680.5900  0.0000               0 0 0 0   5
123000.6000 260.000000 362.805600  0.0000               0 0 0 0   5
124711.9000 260.000000 4547.19500  0.0000               0 0 0 0   5
124934.3000 260.000000 270.261100  0.0000               0 0 0 0   5
125924.4000 260.000000 17866.0300  0.0000               0 0 0 0   5
126180.2000 260.000000 28231.2200  0.0000               0 0 0 0   5
126416.0000 260.000000 13101.0800  0.0000               0 0 0 0   5
126937.2000 260.000000 9346.38600  0.0000               0 0 0 0   5
130236.5000 260.000000 346.474500  0.0000               0 0 0 0   5
130380.4000 260.000000 5563.59600  0.0000               0 0 0 0   5
134153.9000 260.000000 17713.9200  0.0000               0 0 0 0   5
134437.8000 260.000000 945.826200  0.0000               0 0 0 0   5
134574.3000 260.000000 2718.22100  0.0000               0 0 0 0   5
139900.0000 260.000000 28233.6900  0.0000               0 0 0 0   5
141661.1000 260.000000 15346.6800  0.0000               0 0 0 0   5
141918.7000 260.000000 73010.6400  0.0000               0 0 0 0   5
142760.9000 260.000000 12917.1500  0.0000               0 0 0 0   5
143552.6000 260.000000 22555.4200  0.0000               0 0 0 0   5
144944.5000 260.000000 25128.8800  0.0000               0 0 0 0   5
147632.8000 260.000000 7481.27500  0.0000               0 0 0 0   5
147797.9000 260.000000 6589.58900  0.0000               0 0 0 0   5
148223.0000 260.000000 43168.3300  0.0000               0 0 0 0   5
148806.5000 260.000000 8117.00800  0.0000               0 0 0 0   5
153700.2000 260.000000 689.555300  0.0000               0 0 0 0   5
156167.0000 260.000000 44902.0500  0.0000               0 0 0 0   5
158673.3000 260.000000 697.692900  0.0000               0 0 0 0   5
158845.9000 260.000000 472.219800  0.0000               0 0 0 0   5
159212.4000 260.000000 939.450400  0.0000               0 0 0 0   5
160393.6000 260.000000 17036.2300  0.0000               0 0 0 0   5
160541.3000 260.000000 7309.92000  0.0000               0 0 0 0   5
160734.0000 260.000000 7567.97500  0.0000               0 0 0 0   5
160972.5000 260.000000 21912.8100  0.0000               0 0 0 0   5
161185.4000 260.000000 261.193800  0.0000               0 0 0 0   5
164248.8000 260.000000 6649.94200  0.0000               0 0 0 0   5
164847.4000 260.000000 31552.2300  0.0000               0 0 0 0   5
166385.0000 260.000000 20472.4100  0.0000               0 0 0 0   5
168397.7000 260.000000 32333.7700  0.0000               0 0 0 0   5
168758.2000 260.000000 21272.2700  0.0000               0 0 0 0   5
171688.7000 260.000000 7508.82400  0.0000               0 0 0 0   5
171787.3000 260.000000 2224.90500  0.0000               0 0 0 0   5
172448.3000 260.000000 11850.2900  0.0000               0 0 0 0   5
175191.1000 260.000000 635.368500  0.0000               0 0 0 0   5
180591.3000 260.000000 24422.6400  0.0000               0 0 0 0   5
183250.2000 260.000000 71495.8500  0.0000               0 0 0 0   5
187967.6000 260.000000 204.477300  0.0000               0 0 0 0   5
188148.5000 260.000000 21814.9100  0.0000               0 0 0 0   5
188373.2000 260.000000 149.925500  0.0000               0 0 0 0   5
188765.0000 260.000000 596.823500  0.0000               0 0 0 0   5
193699.5000 260.000000 38085.3700  0.0000               0 0 0 0   5
193858.5000 260.000000 68480.9100  0.0000               0 0 0 0   5
194268.9000 260.000000 37411.3300  0.0000               0 0 0 0   5
195927.1000 260.000000 20613.9800  0.0000               0 0 0 0   5
200403.5000 260.000000 30802.0200  0.0000               0 0 0 0   5
203147.9000 260.000000 524.525200  0.0000               0 0 0 0   5
204396.1000 260.000000 371.402200  0.0000               0 0 0 0   5
205079.9000 260.000000 1410.41400  0.0000               0 0 0 0   5
206457.8000 260.000000 31480.3400  0.0000               0 0 0 0   5
206822.4000 260.000000 6877.45100  0.0000               0 0 0 0   5
210618.8000 260.000000 10102.9600  0.0000               0 0 0 0   5
211163.5000 260.000000 38411.5900  0.0000               0 0 0 0   5
215088.0000 260.000000 673.272400  0.0000               0 0 0 0   5
215536.5000 260.000000 23313.6900  0.0000               0 0 0 0   5
220197.2000 260.000000 2873.75400  0.0000               0 0 0 0   5
227399.1000 260.000000 9687.98100  0.0000               0 0 0 0   5
231795.5000 260.000000 127996.500  0.0000               0 0 0 0   5
252535.5000 260.000000 50363.8500  0.0000               0 0 0 0   5
252633.5000 260.000000 16931.7300  0.0000               0 0 0 0   5
254173.4000 260.000000 114635.600  0.0000               0 0 0 0   5
258556.5000 260.000000 144376.400  0.0000               0 0 0 0   5
263226.6000 260.000000 33072.3000  0.0000               0 0 0 0   5
270829.6000 260.000000 141582.300  0.0000               0 0 0 0   5
274642.6000 260.000000 274.511900  0.0000               0 0 0 0   5
289415.1000 260.000000 1365789.00  0.0000               0 0 0 0   5
290614.1000 260.000000 36095.1400  0.0000               0 0 0 0   5
291977.4000 260.000000 56382.5300  0.0000               0 0 0 0   5
401.8121000 260.000000 .169052500                       0 0 0     6
5665.888000 260.000000 .148390100                       0 0 0     6
8350.087000 260.000000 6700.62200                       0 0 0     6
9352.383000 260.000000 .021129610                       0 0 0     6
11985.56000 260.000000 1.50385700                       0 0 0     6
16297.79000 260.000000 12357.1200                       0 0 0     6
18042.58000 260.000000 7.56136800                       0 0 0     6
20169.48000 260.000000 2.47673900                       0 0 0     6
20798.92000 260.000000 5.70071400                       0 0 0     6
24104.89000 260.000000 3.38289500                       0 0 0     6
25929.66000 260.000000 8333.00900                       0 0 0     6
26322.77000 260.000000 3.25770700                       0 0 0     6
29564.92000 260.000000 19.0358200                       0 0 0     6
36750.61000 260.000000 52.5311300                       0 0 0     6
37886.75000 260.000000 79.9597300                       0 0 0     6
38057.61000 260.000000 22.9057500                       0 0 0     6
40237.27000 260.000000 12508.1200                       0 0 0     6
40453.21000 260.000000 12.2038800                       0 0 0     6
41137.85000 260.000000 44.7218000                       0 0 0     6
41640.31000 260.000000 56.1560800                       0 0 0     6
46599.01000 260.000000 5008.42700                       0 0 0     6
47397.16000 260.000000 10632.0400                       0 0 0     6
53125.09000 260.000000 24574.8300                       0 0 0     6
53171.38000 260.000000 315.334100                       0 0 0     6
59490.94000 260.000000 329.386500                       0 0 0     6
60267.44000 260.000000 75.0384200                       0 0 0     6
61193.92000 260.000000 48.0472200                       0 0 0     6
63314.04000 260.000000 10840.9600                       0 0 0     6
63918.00000 260.000000 43.6880400                       0 0 0     6
63964.97000 260.000000 56.7006700                       0 0 0     6
64308.43000 260.000000 114.326600                       0 0 0     6
65106.76000 260.000000 2987.94200                       0 0 0     6
66908.39000 260.000000 18161.3700                       0 0 0     6
68750.99000 260.000000 241.432100                       0 0 0     6
68978.37000 260.000000 121.774600                       0 0 0     6
69748.89000 260.000000 21888.0100                       0 0 0     6
72789.31000 260.000000 537.777400                       0 0 0     6
75430.19000 260.000000 129.792100                       0 0 0     6
76313.47000 260.000000 5011.39500                       0 0 0     6
77082.75000 260.000000 188.272900                       0 0 0     6
77601.80000 260.000000 268.036900                       0 0 0     6
78897.73000 260.000000 431.148900                       0 0 0     6
80043.94000 260.000000 72.2252600                       0 0 0     6
82674.03000 260.000000 1502.70700                       0 0 0     6
84561.41000 260.000000 82.4897300                       0 0 0     6
87720.01000 260.000000 65.7061200                       0 0 0     6
88230.16000 260.000000 374.336600                       0 0 0     6
93617.18000 260.000000 15022.8500                       0 0 0     6
93732.50000 260.000000 7281.13900                       0 0 0     6
96676.36000 260.000000 9679.09600                       0 0 0     6
99455.91000 260.000000 5747.60600                       0 0 0     6
104045.0000 260.000000 9702.31400                       0 0 0     6
104145.9000 260.000000 3429.85300                       0 0 0     6
104243.1000 260.000000 2251.38700                       0 0 0     6
108740.3000 260.000000 706.632400                       0 0 0     6
109041.3000 260.000000 40.3049300                       0 0 0     6
110157.5000 260.000000 10874.0000                       0 0 0     6
110276.3000 260.000000 11548.5700                       0 0 0     6
110638.6000 260.000000 9705.70700                       0 0 0     6
110755.0000 260.000000 5536.18900                       0 0 0     6
116802.5000 260.000000 24370.2000                       0 0 0     6
117844.8000 260.000000 9379.72100                       0 0 0     6
119292.7000 260.000000 2910.82500                       0 0 0     6
121252.9000 260.000000 1145.71200                       0 0 0     6
122499.9000 260.000000 14684.1900                       0 0 0     6
122626.3000 260.000000 114.240100                       0 0 0     6
126580.9000 260.000000 188.267200                       0 0 0     6
128346.2000 260.000000 497.387500                       0 0 0     6
131563.1000 260.000000 707.550000                       0 0 0     6
131701.1000 260.000000 5048.97600                       0 0 0     6
131953.6000 260.000000 443.045800                       0 0 0     6
132235.2000 260.000000 1559.87900                       0 0 0     6
132343.1000 260.000000 623.937700                       0 0 0     6
132385.3000 260.000000 346.006400                       0 0 0     6
132436.4000 260.000000 211.571200                       0 0 0     6
139298.9000 260.000000 2228.45100                       0 0 0     6
140548.4000 260.000000 2738.21100                       0 0 0     6
142629.8000 260.000000 6284.23000                       0 0 0     6
143317.7000 260.000000 25436.1600                       0 0 0     6
143718.3000 260.000000 25294.5800                       0 0 0     6
143886.6000 260.000000 19859.9600                       0 0 0     6
144539.2000 260.000000 371.120500                       0 0 0     6
146479.6000 260.000000 646.124000                       0 0 0     6
146768.0000 260.000000 1818.06700                       0 0 0     6
149739.6000 260.000000 12197.0400                       0 0 0     6
149899.5000 260.000000 1256.07000                       0 0 0     6
150914.1000 260.000000 63.3223200                       0 0 0     6
151397.3000 260.000000 312.330200                       0 0 0     6
151860.4000 260.000000 262.170300                       0 0 0     6
152969.7000 260.000000 114.434600                       0 0 0     6
154657.9000 260.000000 718.681700                       0 0 0     6
155599.7000 260.000000 154.082800                       0 0 0     6
157246.7000 260.000000 9272.75100                       0 0 0     6
157424.9000 260.000000 85.2904700                       0 0 0     6
159047.1000 260.000000 344.016900                       0 0 0     6
159576.6000 260.000000 8964.84600                       0 0 0     6
159813.6000 260.000000 3310.67300                       0 0 0     6
163621.6000 260.000000 16869.9100                       0 0 0     6
163862.6000 260.000000 12120.5400                       0 0 0     6
166148.4000 260.000000 19207.5900                       0 0 0     6
171515.0000 260.000000 217.142300                       0 0 0     6
172601.4000 260.000000 951.018500                       0 0 0     6
175456.7000 260.000000 7723.28300                       0 0 0     6
177101.3000 260.000000 17236.3600                       0 0 0     6
178150.5000 260.000000 50593.0200                       0 0 0     6
178494.9000 260.000000 3749.65100                       0 0 0     6
178646.5000 260.000000 418.500700                       0 0 0     6
179390.9000 260.000000 13165.4200                       0 0 0     6
180163.6000 260.000000 7805.48300                       0 0 0     6
181181.1000 260.000000 737.321100                       0 0 0     6
181948.5000 260.000000 321.460900                       0 0 0     6
182791.4000 260.000000 159.906300                       0 0 0     6
183400.5000 260.000000 730.690100                       0 0 0     6
183779.8000 260.000000 332.502700                       0 0 0     6
183886.9000 260.000000 3838.38700                       0 0 0     6
187789.5000 260.000000 3236.02600                       0 0 0     6
188763.0000 260.000000 16999.0500                       0 0 0     6
189618.7000 260.000000 1483.16700                       0 0 0     6
189619.8000 260.000000 1608.88000                       0 0 0     6
190348.8000 260.000000 19775.2400                       0 0 0     6
190558.9000 260.000000 27285.1200                       0 0 0     6
190569.8000 260.000000 3608.93800                       0 0 0     6
191738.6000 260.000000 36569.7000                       0 0 0     6
194421.8000 260.000000 57328.0100                       0 0 0     6
197875.2000 260.000000 18383.1000                       0 0 0     6
198144.4000 260.000000 3164.74600                       0 0 0     6
198705.0000 260.000000 12781.8400                       0 0 0     6
201245.5000 260.000000 13647.7900                       0 0 0     6
208198.5000 260.000000 18935.3200                       0 0 0     6
209689.7000 260.000000 109.163700                       0 0 0     6
210303.8000 260.000000 1052.87300                       0 0 0     6
211360.0000 260.000000 7157.46100                       0 0 0     6
211430.3000 260.000000 29106.2900                       0 0 0     6
213605.3000 260.000000 3857.43700                       0 0 0     6
214154.7000 260.000000 49011.4300                       0 0 0     6
214427.5000 260.000000 25276.6900                       0 0 0     6
214831.9000 260.000000 73109.1200                       0 0 0     6
215178.2000 260.000000 44957.8100                       0 0 0     6
215893.0000 260.000000 83.5593700                       0 0 0     6
219098.4000 260.000000 880.087600                       0 0 0     6
219193.8000 260.000000 503.703300                       0 0 0     6
219475.1000 260.000000 795.824000                       0 0 0     6
219617.6000 260.000000 2229.36800                       0 0 0     6
219717.1000 260.000000 1011.80600                       0 0 0     6
219987.9000 260.000000 17436.3000                       0 0 0     6
221392.3000 260.000000 7279.32300                       0 0 0     6
221575.9000 260.000000 5960.38900                       0 0 0     6
223822.3000 260.000000 219.610400                       0 0 0     6
223930.7000 260.000000 193.310900                       0 0 0     6
224028.0000 260.000000 165.738300                       0 0 0     6
224134.1000 260.000000 170.265800                       0 0 0     6
224228.2000 260.000000 190.888200                       0 0 0     6
224487.0000 260.000000 631.985900                       0 0 0     6
224591.6000 260.000000 638.495000                       0 0 0     6
225382.2000 260.000000 10190.9600                       0 0 0     6
226151.5000 260.000000 5947.33800                       0 0 0     6
228006.4000 260.000000 486.703100                       0 0 0     6
228222.4000 260.000000 775.151600                       0 0 0     6
228396.3000 260.000000 551.910200                       0 0 0     6
228470.2000 260.000000 497.130900                       0 0 0     6
228616.0000 260.000000 460.927700                       0 0 0     6
229246.7000 260.000000 29454.0100                       0 0 0     6
229599.4000 260.000000 6730.21100                       0 0 0     6
229815.4000 260.000000 438.468500                       0 0 0     6
229878.6000 260.000000 460.418100                       0 0 0     6
229966.2000 260.000000 496.233200                       0 0 0     6
230489.6000 260.000000 460.151300                       0 0 0     6
231327.8000 260.000000 6303.22100                       0 0 0     6
232108.3000 260.000000 36266.2600                       0 0 0     6
232772.9000 260.000000 26920.1200                       0 0 0     6
233030.0000 260.000000 663.056100                       0 0 0     6
235855.9000 260.000000 37036.8000                       0 0 0     6
243111.0000 260.000000 94171.7200                       0 0 0     6
243443.7000 260.000000 60446.3600                       0 0 0     6
246773.7000 260.000000 38241.8400                       0 0 0     6
248494.2000 260.000000 1834.73800                       0 0 0     6
249004.7000 260.000000 13476.5600                       0 0 0     6
251818.9000 260.000000 46751.1600                       0 0 0     6
252152.2000 260.000000 84123.8200                       0 0 0     6
252326.7000 260.000000 2519.68400                       0 0 0     6
254519.9000 260.000000 48774.7700                       0 0 0     6
254906.0000 260.000000 718.061300                       0 0 0     6
255420.8000 260.000000 62351.4200                       0 0 0     6
255728.5000 260.000000 21309.5000                       0 0 0     6
256551.6000 260.000000 10194.1000                       0 0 0     6
257594.5000 260.000000 48595.5000                       0 0 0     6
259881.2000 260.000000 332.189700                       0 0 0     6
261481.7000 260.000000 824.340400                       0 0 0     6
262956.4000 260.000000 154.405400                       0 0 0     6
264671.0000 260.000000 512.734800                       0 0 0     6
269046.4000 260.000000 17480.1700                       0 0 0     6
269755.7000 260.000000 5888.45500                       0 0 0     6
274509.2000 260.000000 25754.0200                       0 0 0     6
276296.5000 260.000000 81692.9400                       0 0 0     6
282056.6000 260.000000 77271.2200                       0 0 0     6
282382.0000 260.000000 117809.200                       0 0 0     6
282688.5000 260.000000 34819.5900                       0 0 0     6
283202.5000 260.000000 17699.8000                       0 0 0     6
284083.9000 260.000000 66602.7100                       0 0 0     6
284942.4000 260.000000 6777.92400                       0 0 0     6
286749.9000 260.000000 16732.5300                       0 0 0     6
288503.7000 260.000000 57334.4500                       0 0 0     6
295836.2000 260.000000 105175.400                       0 0 0     6
299008.5000 260.000000 7757.48900                       0 0 0     6
 
 
RADIUS PARAMETERS FOLLOW
 6.7000000 6.700000010 0 1 2 3 4 5 6 0 1
 6.7000000 6.700000010 0 4 5 0 2
 
 
